1;1;9;32;
2;1;29;24;
3;1;23;16;
4;1;23;17;
5;1;32;11;
6;1;28;11;
7;1;29;27;
8;1;28;6;
9;1;27;6;
10;1;18;2;
11;1;25;34;
12;1;26;27;
13;1;27;13;
14;1;29;5;
15;1;28;11;
16;1;24;6;
17;1;23;5;
18;1;24;32;
19;1;9;32;
20;1;9;18;
21;1;24;33;
22;1;32;28;
23;1;23;31;
24;1;18;32;
25;1;23;6;
26;1;29;2;
27;1;9;17;
28;1;32;18;
29;1;9;34;
30;1;32;28;
31;1;32;27;
32;1;29;3;
33;1;27;6;
34;2;32;18;6;26;
35;2;25;18;14;26;
36;2;29;26;23;28;
37;2;23;24;11;26;
38;2;32;25;3;2;
39;2;25;29;13;24;
40;2;28;9;25;29;
41;2;26;29;5;23;
42;2;18;29;14;6;
43;2;27;25;12;32;
44;2;28;32;12;30;
45;2;29;28;30;2;
46;2;9;29;31;1;
47;2;27;28;3;6;
48;2;32;23;28;18;
49;2;9;25;6;17;
50;2;23;9;32;18;
51;2;25;27;2;6;
52;2;9;26;5;32;
53;2;26;32;23;33;
54;2;27;28;1;23;
55;2;18;9;26;24;
56;2;18;24;29;34;
57;2;23;24;26;18;
58;2;23;26;13;29;
59;2;25;29;14;27;
60;2;23;28;1;34;
61;2;27;25;13;24;
62;2;23;26;1;6;
63;2;26;29;5;31;
64;2;28;9;17;32;
65;2;23;28;11;33;
66;2;26;27;30;2;
67;3;18;26;9;11;33;30;
68;3;23;27;28;33;29;3;
69;3;27;25;9;15;30;31;
70;3;18;29;23;34;16;27;
71;3;32;9;25;6;2;26;
72;3;28;26;32;13;29;15;
73;3;9;18;32;5;13;2;
74;3;26;18;27;19;15;2;
75;3;23;25;29;3;30;17;
76;3;9;32;23;30;5;1;
77;3;26;25;28;27;34;29;
78;3;29;27;32;12;31;2;
79;3;9;23;27;11;16;14;
80;3;25;23;28;13;27;1;
81;3;28;25;23;33;18;32;
82;3;28;27;23;34;31;29;
83;3;18;9;26;5;11;6;
84;3;29;26;28;27;33;14;
85;3;9;32;28;23;1;17;
86;3;25;9;26;17;16;32;
87;3;24;32;9;12;5;26;
88;3;18;27;24;34;31;30;
89;3;27;28;26;12;16;14;
90;3;26;9;28;25;18;30;
91;3;29;18;28;30;26;27;
92;3;32;25;29;14;17;2;
93;3;9;29;18;32;28;5;
94;3;28;27;18;1;34;31;
95;3;24;28;9;19;27;18;
96;3;23;9;24;1;34;16;
97;3;28;9;24;29;11;25;
98;3;18;28;25;17;26;2;
99;3;23;18;29;26;30;12;
100;4;9;28;29;32;1;12;34;27;
101;4;23;25;29;28;3;12;33;18;
102;4;29;24;28;32;1;3;18;6;
103;4;28;9;24;25;33;30;14;34;
104;4;27;25;18;28;5;3;12;14;
105;4;27;23;9;24;29;26;16;5;
106;4;26;18;32;23;14;25;6;3;
107;4;25;32;26;23;34;31;14;33;
108;4;25;27;18;9;34;32;26;5;
109;4;23;26;29;28;16;25;33;11;
110;4;26;18;9;27;33;15;1;30;
111;4;32;24;25;28;11;16;1;15;
112;4;24;29;18;32;19;3;33;31;
113;4;25;29;23;9;18;30;11;1;
114;4;32;26;29;23;24;2;15;13;
115;4;29;27;32;24;1;2;3;16;
116;4;26;18;24;27;30;23;12;32;
117;4;26;28;18;9;34;30;16;19;
118;4;9;28;32;18;23;27;3;15;
119;4;28;24;29;23;16;2;18;3;
120;4;28;18;24;25;1;2;11;33;
121;4;28;24;27;32;14;17;1;3;
122;4;32;18;28;25;27;14;15;3;
123;4;29;27;26;18;13;12;16;3;
124;4;28;27;24;23;19;12;15;34;
125;4;28;32;25;26;17;27;16;1;
126;4;27;29;18;26;3;24;28;2;
127;4;25;28;26;32;17;33;13;11;
128;4;32;28;23;27;31;1;16;29;
129;4;32;26;29;18;16;33;12;31;
130;4;26;27;9;29;28;18;16;31;
131;4;29;9;27;25;26;30;5;6;
132;4;28;32;23;24;25;3;26;13;
133;5;26;9;24;18;32;29;3;11;27;34;
134;5;23;24;29;27;9;32;26;30;25;1;
135;5;26;25;24;27;32;29;33;23;6;11;
136;5;25;26;29;27;28;33;1;16;11;2;
137;5;26;23;9;32;28;27;24;3;5;18;
138;5;9;29;28;32;24;3;11;31;34;14;
139;5;32;24;18;26;23;6;5;33;28;16;
140;5;18;9;29;27;26;32;15;17;28;1;
141;5;27;23;18;28;24;31;34;17;12;11;
142;5;25;28;23;32;26;30;19;2;6;15;
143;5;23;18;29;32;28;2;14;11;27;26;
144;5;9;28;25;23;24;27;26;18;1;12;
145;5;23;25;9;28;24;26;13;31;34;27;
146;5;18;24;9;27;25;31;26;19;2;6;
147;5;28;24;29;23;32;13;17;11;34;16;
148;5;26;23;32;27;28;13;2;18;31;15;
149;5;25;9;29;28;32;14;5;34;19;12;
150;5;28;27;26;25;29;14;15;17;34;33;
151;5;18;27;9;25;24;31;5;16;11;14;
152;5;28;26;9;23;27;15;29;30;6;18;
153;5;27;25;26;23;29;15;32;12;14;11;
154;5;25;24;27;28;32;30;18;34;14;15;
155;5;27;24;9;18;32;15;13;5;17;19;
156;5;32;24;26;25;27;3;33;19;28;29;
157;5;18;24;32;28;25;5;1;33;3;30;
158;5;26;25;29;32;24;5;27;6;2;23;
159;5;18;32;25;29;23;28;12;14;30;13;
160;5;25;27;9;18;24;14;17;11;31;26;
161;5;28;32;24;23;25;1;11;18;15;6;
162;5;26;9;18;32;28;24;33;25;23;29;
163;5;23;9;18;27;24;16;6;32;13;28;
164;5;25;28;23;32;9;24;11;29;19;26;
165;5;26;24;28;23;25;18;33;32;30;19;
166;6;29;27;28;18;25;24;12;33;3;23;13;14;
167;6;27;25;26;18;23;28;24;17;13;5;1;19;
168;6;29;28;32;27;9;23;19;5;18;16;2;34;
169;6;29;25;9;32;26;28;33;13;27;5;15;1;
170;6;29;9;24;27;25;18;1;16;17;12;23;2;
171;6;9;32;23;18;29;27;33;3;6;26;15;5;
172;6;27;25;24;32;29;9;2;31;19;5;11;12;
173;6;24;28;27;29;25;32;33;15;2;18;12;31;
174;6;28;23;26;29;27;24;13;33;6;32;14;1;
175;6;27;24;25;9;26;28;14;19;15;30;6;1;
176;6;26;27;32;25;29;24;33;11;6;16;12;1;
177;6;24;29;9;18;25;23;6;1;11;12;5;30;
178;6;29;26;32;24;23;18;12;3;11;25;13;15;
179;6;24;25;23;28;32;18;33;15;12;26;11;31;
180;6;24;27;18;29;23;28;31;15;33;1;3;5;
181;6;29;24;23;9;28;26;2;1;33;34;17;18;
182;6;28;25;24;9;26;32;6;34;30;3;5;33;
183;6;32;23;9;29;27;28;1;15;12;13;30;3;
184;6;25;24;32;23;28;18;19;17;33;12;13;30;
185;6;23;18;25;24;26;27;17;6;13;33;14;2;
186;6;23;9;32;28;25;26;6;33;19;16;18;11;
187;6;28;29;27;25;9;24;3;23;14;11;2;13;
188;6;23;29;28;18;27;9;13;14;15;11;1;3;
189;6;9;27;25;29;23;26;2;11;15;28;31;5;
190;6;25;32;26;28;27;24;19;16;18;2;34;11;
191;6;25;9;32;28;27;23;16;18;34;14;19;26;
192;6;9;18;26;24;27;28;29;3;14;17;11;6;
193;6;24;28;29;9;32;23;14;33;6;31;34;2;
194;6;28;26;27;18;29;23;34;3;15;16;1;17;
195;6;25;27;9;24;23;29;28;17;14;26;12;16;
196;6;25;18;29;24;9;28;1;19;34;23;15;33;
197;6;24;27;23;18;29;9;1;11;15;26;30;31;
198;6;29;23;24;32;25;9;31;26;1;13;17;34;
199;7;32;25;27;23;9;28;26;11;6;31;29;34;13;24;
200;7;23;24;28;32;9;18;25;16;2;29;30;17;34;27;
201;7;28;25;24;23;9;27;29;3;11;18;13;1;6;19;
202;7;29;28;32;18;24;27;26;15;19;14;6;33;16;11;
203;7;32;28;18;26;29;23;27;11;17;5;3;25;1;19;
204;7;9;26;24;28;29;18;27;12;16;17;11;14;5;25;
205;7;29;26;27;25;24;32;28;33;6;34;18;13;15;2;
206;7;18;32;25;23;28;24;29;17;16;33;1;30;13;26;
207;7;9;29;27;18;24;25;26;12;33;6;19;23;34;17;
208;7;32;18;27;28;26;9;25;31;19;3;30;17;15;14;
209;7;25;32;9;28;18;26;29;11;19;3;34;30;23;12;
210;7;27;23;9;28;32;25;26;6;29;34;31;33;18;30;
211;7;18;26;32;23;9;27;25;2;15;19;5;3;1;33;
212;7;18;32;23;26;25;29;9;2;1;15;5;30;27;28;
213;7;28;27;29;23;24;9;26;2;3;31;19;12;16;32;
214;7;23;9;32;26;29;25;24;15;13;34;33;5;2;14;
215;7;27;9;24;25;23;29;26;13;31;5;15;18;33;1;
216;7;32;9;25;23;27;28;24;31;1;5;11;34;29;15;
217;7;27;25;26;29;28;24;23;1;14;33;32;18;12;6;
218;7;23;29;25;26;24;32;9;14;31;11;28;2;34;18;
219;7;26;28;23;25;18;24;32;17;33;14;1;15;30;11;
220;7;25;26;18;32;29;24;28;11;1;14;31;33;2;3;
221;7;28;26;32;27;29;18;24;5;6;34;19;13;11;16;
222;7;28;26;25;24;18;23;27;11;14;17;19;32;33;12;
223;7;28;26;18;24;9;32;23;25;11;29;5;12;13;1;
224;7;28;18;9;26;32;24;25;3;1;16;19;34;15;12;
225;7;28;23;25;9;26;29;32;6;16;14;2;15;31;12;
226;7;29;9;26;32;28;18;25;24;12;15;19;27;34;16;
227;7;32;27;23;29;18;9;24;5;11;15;12;28;3;25;
228;7;23;27;26;29;25;24;9;17;12;34;32;31;14;1;
229;7;23;9;18;29;24;28;26;17;30;31;1;27;14;25;
230;7;24;18;28;32;9;23;29;12;6;25;13;26;1;14;
231;7;18;28;25;26;27;23;29;12;17;30;11;33;6;5;
232;8;27;25;9;24;18;32;29;28;2;33;14;16;3;30;31;23;
233;8;18;23;24;29;9;27;26;32;33;2;25;28;30;3;19;5;
234;8;24;18;25;23;26;29;9;32;16;3;2;33;12;28;15;30;
235;8;18;28;29;26;27;32;23;25;24;1;31;11;30;19;6;3;
236;8;18;24;9;23;25;32;26;27;17;12;11;34;31;13;29;1;
237;8;25;26;23;28;32;29;9;18;13;15;17;3;16;30;5;12;
238;8;23;28;25;27;26;32;29;24;6;11;33;16;13;1;19;31;
239;8;27;29;32;24;18;25;28;26;13;23;33;14;11;5;16;30;
240;8;24;28;29;25;26;23;27;9;12;19;18;30;3;15;34;31;
241;8;26;29;27;23;24;18;28;9;2;32;11;12;34;5;6;13;
242;8;18;25;28;9;32;27;24;29;13;26;16;31;14;3;1;30;
243;8;27;26;29;32;25;18;23;9;33;14;3;12;16;28;1;15;
244;8;26;24;29;28;9;27;23;18;11;13;5;2;17;6;14;15;
245;8;24;26;27;32;25;29;9;28;1;13;11;5;19;33;15;2;
246;8;24;32;29;27;26;28;9;18;25;31;33;11;15;23;17;12;
247;8;28;27;29;25;18;24;23;26;17;32;19;12;13;15;30;2;
248;8;26;29;18;24;25;28;27;32;1;3;12;6;14;19;5;11;
249;8;32;23;9;26;18;27;28;25;33;17;5;2;14;12;34;16;
250;8;25;27;18;9;28;23;24;32;26;6;14;29;3;12;19;34;
251;8;27;23;18;29;25;28;9;24;26;5;11;17;12;30;32;15;
252;8;18;26;9;25;24;29;28;32;34;3;12;11;33;13;15;23;
253;8;25;9;32;27;26;24;23;18;19;30;1;2;3;31;29;16;
254;8;26;18;27;25;9;24;23;32;31;5;34;29;17;28;3;14;
255;8;27;25;9;26;24;28;23;32;1;29;19;6;18;31;2;15;
256;8;18;26;25;27;9;24;29;32;6;23;15;13;11;5;34;1;
257;8;25;24;28;29;26;27;23;18;6;15;1;17;19;31;2;5;
258;8;18;23;26;25;24;9;29;28;31;30;6;3;14;34;33;12;
259;8;29;26;32;9;25;28;27;18;11;14;15;6;30;16;2;23;
260;8;32;18;26;23;27;28;9;25;31;11;14;5;19;17;16;2;
261;8;9;18;28;27;29;23;26;25;19;15;31;17;2;5;14;34;
262;8;25;26;24;9;18;28;23;29;13;31;19;30;2;16;3;11;
263;8;23;18;25;26;9;28;24;32;33;6;1;5;14;13;2;17;
264;8;18;25;27;24;29;23;32;26;6;30;2;3;19;12;5;14;
265;9;24;29;9;28;26;25;23;18;32;1;33;2;31;30;11;14;13;15;
266;9;23;9;28;27;18;32;29;26;24;3;1;13;12;17;34;31;15;5;
267;9;25;28;24;9;29;32;18;26;23;6;19;15;16;27;31;14;1;34;
268;9;29;25;23;28;24;26;27;18;9;34;6;11;5;16;33;3;30;17;
269;9;28;29;9;18;24;25;26;27;32;16;19;23;6;13;14;15;3;34;
270;9;9;26;18;23;32;24;29;28;27;3;12;5;17;2;13;31;33;34;
271;9;29;24;28;18;9;25;27;32;23;16;33;14;17;1;15;30;5;34;
272;9;23;24;32;27;9;25;29;26;18;17;28;33;30;16;11;19;2;1;
273;9;29;25;32;26;27;23;9;24;28;2;34;5;3;12;16;13;1;33;
274;9;23;32;27;29;24;28;26;18;25;12;14;5;19;33;31;16;1;13;
275;9;26;28;9;23;18;29;25;24;27;11;2;14;34;5;13;19;3;12;
276;9;25;18;29;9;24;23;32;26;28;27;19;34;1;14;15;17;13;3;
277;9;18;24;23;29;26;28;9;27;32;31;17;3;12;14;25;6;11;16;
278;9;26;28;18;23;25;32;24;29;9;13;11;31;27;6;2;19;3;12;
279;9;27;24;25;23;28;9;26;29;32;14;2;31;6;16;18;3;19;15;
280;9;26;32;28;24;18;25;27;29;9;12;30;17;23;19;15;16;6;11;
281;9;23;24;29;9;26;25;28;27;18;33;13;6;17;30;34;14;12;3;
282;9;29;24;25;9;23;28;27;26;18;34;3;31;15;17;13;6;19;12;
283;9;28;18;9;25;32;23;24;26;27;13;17;31;15;2;14;33;29;6;
284;9;18;26;29;28;24;9;32;23;25;2;33;6;19;12;16;14;31;3;
285;9;24;28;26;23;9;32;18;29;27;30;1;13;14;17;2;3;19;5;
286;9;18;9;32;27;28;25;29;23;26;14;33;6;2;17;34;13;5;12;
287;9;26;29;24;9;18;23;27;32;28;33;25;3;34;31;30;14;1;2;
288;9;25;26;29;18;24;23;9;32;28;5;19;34;15;13;6;16;3;14;
289;9;26;27;9;29;18;25;24;28;32;3;33;15;14;34;19;2;1;6;
290;9;24;18;9;29;32;23;27;28;26;17;12;2;31;16;19;3;33;14;
291;9;28;24;27;9;23;32;18;25;29;6;31;34;3;14;16;12;33;5;
292;9;24;18;23;29;26;9;27;32;25;5;30;33;3;31;17;6;2;11;
293;9;32;29;28;26;18;23;27;9;24;1;2;17;30;34;12;13;25;14;
294;9;24;28;23;9;25;18;29;32;26;33;12;14;2;30;1;5;16;15;
295;9;24;28;29;27;23;25;9;26;32;19;6;3;5;31;18;34;30;12;
296;9;26;32;29;23;25;24;27;18;9;34;5;17;16;1;2;15;33;19;
297;9;24;25;26;28;32;18;29;23;9;13;11;5;2;34;19;27;33;16;
298;10;29;32;23;28;18;25;26;9;24;27;33;31;12;34;19;1;17;6;3;13;
299;10;28;26;9;27;18;23;25;24;32;29;34;14;6;17;15;13;31;19;30;1;
300;10;24;32;23;28;25;9;26;27;18;29;12;19;13;17;6;14;33;30;1;11;
301;10;29;9;27;28;18;25;26;32;23;24;31;3;33;6;2;30;17;5;34;15;
302;10;29;18;27;32;23;26;24;9;28;25;1;34;13;16;19;5;17;12;31;3;
303;10;24;25;28;26;18;29;23;27;32;9;33;19;2;6;13;16;31;11;12;15;
304;10;23;9;25;28;32;27;18;29;24;26;1;2;31;5;3;14;17;19;13;30;
305;10;25;24;18;26;32;9;23;28;27;29;33;1;5;19;2;6;16;31;30;14;
306;10;9;26;18;28;23;29;25;27;32;24;15;31;12;30;34;16;5;33;14;11;
307;10;28;9;18;24;26;29;25;27;32;23;1;3;16;15;19;5;33;6;13;17;
308;10;18;29;23;26;32;25;28;27;24;9;15;13;19;12;31;6;30;1;11;33;
309;10;23;25;32;26;29;28;9;18;24;27;12;30;2;14;11;3;31;16;13;1;
310;10;32;28;25;18;23;26;27;9;24;29;17;34;19;12;2;11;13;3;33;1;
311;10;27;23;9;29;32;28;18;24;25;26;6;30;12;13;5;3;34;31;16;33;
312;10;26;29;9;18;24;25;28;23;27;32;33;2;17;16;31;15;13;34;1;30;
313;10;18;29;26;32;9;27;28;23;25;24;34;2;3;13;11;1;30;6;14;12;
314;10;18;9;24;32;28;29;26;27;25;23;1;12;5;13;11;31;14;2;33;34;
315;10;26;23;9;32;18;24;25;27;28;29;19;15;33;16;34;31;17;12;2;6;
316;10;26;18;9;24;23;25;28;32;29;27;13;3;12;14;1;17;11;30;15;31;
317;10;9;24;28;18;25;27;26;29;32;23;14;13;12;15;6;30;16;33;31;2;
318;10;29;25;18;32;28;23;9;26;24;27;13;1;19;2;14;30;3;17;16;6;
319;10;26;32;27;23;29;9;18;28;24;25;16;33;2;11;12;5;17;34;6;15;
320;10;25;32;24;29;23;28;26;27;18;9;2;5;11;34;30;12;16;6;17;14;
321;10;23;32;29;24;9;25;28;18;27;26;1;33;16;13;15;14;34;5;30;2;
322;10;28;29;27;9;26;23;25;24;18;32;2;14;11;31;16;6;5;3;12;1;
323;10;9;26;25;18;24;28;27;23;29;32;6;13;2;5;11;14;1;16;12;15;
324;10;18;27;29;26;23;24;25;32;28;9;17;15;1;6;31;34;2;14;12;13;
325;10;18;9;29;28;27;24;23;32;26;25;30;17;11;2;34;15;5;14;3;12;
326;10;24;26;18;9;28;32;27;23;25;29;5;6;31;11;33;12;3;19;13;1;
327;10;18;28;27;9;24;23;32;25;29;26;2;15;12;3;30;19;14;16;33;31;
328;10;18;29;23;25;27;24;28;32;9;26;11;12;15;30;19;33;17;34;13;1;
329;10;29;28;9;25;32;23;27;24;26;18;19;30;15;5;17;2;12;16;6;33;
330;10;18;27;25;28;9;24;32;29;26;23;12;33;11;1;14;3;2;13;15;17;
