1;1;    173.0720;    173.0720;       1.0;
2;1;    162.2780;    162.2780;       1.0;
3;1;    256.3630;    256.3630;       1.0;
4;1;    300.4090;    300.4090;       1.0;
5;1;    126.1160;    126.1160;       1.0;
6;1;    318.6320;    318.6320;       1.0;
7;1;    174.6330;    174.6330;       1.0;
8;1;    109.0410;    109.0410;       1.0;
9;1;    217.7340;    217.7340;       1.0;
10;1;    156.9450;    156.9450;       1.0;
11;1;    113.3030;    113.3030;       1.0;
12;1;    276.2370;    276.2370;       1.0;
13;1;    100.6690;    100.6690;       1.0;
14;1;    285.2780;    285.2780;       1.0;
15;1;    174.4330;    174.4330;       1.0;
16;1;    175.7240;    175.7240;       1.0;
17;1;     67.1708;     67.1708;       1.0;
18;1;    220.6280;    220.6280;       1.0;
19;1;    207.9410;    207.9410;       1.0;
20;1;    151.9540;    151.9540;       1.0;
21;1;    238.6610;    238.6610;       1.0;
22;1;    165.9100;    165.9100;       1.0;
23;1;     68.9321;     68.9321;       1.0;
24;1;     53.7972;     53.7972;       1.0;
25;1;    150.4740;    150.4740;       1.0;
26;1;    114.2110;    114.2110;       1.0;
27;1;    159.6870;    159.6870;       1.0;
28;1;    229.9250;    229.9250;       1.0;
29;1;    154.3270;    154.3270;       1.0;
30;1;    364.1800;    364.1800;       1.0;
31;1;    291.4480;    291.4480;       1.0;
32;1;    322.1160;    322.1160;       1.0;
33;1;    144.2630;    144.2630;       1.0;
34;1;    326.5660;    326.5660;       1.0;
35;1;    309.5880;    309.5880;       1.0;
36;1;    294.8260;    294.8260;       1.0;
37;1;    175.9970;    175.9970;       1.0;
38;1;    109.5780;    109.5780;       1.0;
39;1;    186.7380;    186.7380;       1.0;
40;1;    191.6930;    191.6930;       1.0;
41;1;    225.6220;    225.6220;       1.0;
42;1;    416.9070;    416.9070;       1.0;
43;1;    289.3940;    289.3940;       1.0;
44;2;    383.4800;    310.1950;       2.0;
45;2;    452.5370;    315.5950;       2.0;
46;2;    408.9510;    256.3630;       2.0;
47;2;    442.7230;    290.6050;       2.0;
48;2;    766.3480;    415.2100;       6.0;
49;2;    357.1930;    328.6400;       2.0;
50;2;    457.9730;    262.3660;       2.0;
51;2;    253.3760;    133.1350;       2.0;
52;2;    408.1690;    257.6950;       2.0;
53;2;    526.2170;    268.4210;       2.0;
54;2;     81.5622;     49.6617;       2.0;
55;2;    629.2900;    407.7910;      34.0;
56;2;    266.3800;    172.8090;       2.0;
57;2;    257.8470;    169.4260;       2.0;
58;2;    403.7960;    270.0710;       2.0;
59;2;    608.9810;    317.0690;       2.0;
60;2;    272.3670;    163.3260;       2.0;
61;2;    585.9490;    333.8240;       2.0;
62;2;    399.1470;    326.5510;       2.0;
63;2;    117.2340;     85.0087;       2.0;
64;2;    366.8750;    296.1000;       2.0;
65;2;    618.4310;    336.1480;       2.0;
66;2;    622.6050;    381.7350;       2.0;
67;2;    482.6620;    467.1710;       2.0;
68;2;    574.6040;    360.1000;       2.0;
69;2;    359.2140;    249.5190;       2.0;
70;2;    336.8810;    272.6520;       2.0;
71;2;    417.6660;    262.5670;       2.0;
72;2;    306.6780;    213.2660;       2.0;
73;2;    360.0140;    276.3570;       2.0;
74;2;    395.9480;    279.4820;       2.0;
75;2;    277.5500;    153.6830;       2.0;
76;2;    404.3650;    379.4850;       2.0;
77;2;    282.8160;    224.0750;       2.0;
78;2;    217.2360;    132.9540;       2.0;
79;2;    302.5440;    232.9780;       2.0;
80;2;    507.5690;    283.4940;       2.0;
81;2;    591.6790;    383.2330;       2.0;
82;2;    409.3530;    300.3750;       2.0;
83;2;    583.6880;    395.8560;       4.0;
84;2;    297.6790;    178.2700;       2.0;
85;2;    404.0120;    355.7040;       2.0;
86;2;    481.6070;    288.0540;       2.0;
87;3;    453.1450;    254.5970;      13.0;
88;3;    631.3540;    390.7570;       3.0;
89;3;    954.2810;    375.0560;       3.0;
90;3;    612.3190;    248.2420;       3.0;
91;3;    448.2050;    308.1450;       3.0;
92;3;    851.6060;    306.9350;       7.0;
93;3;    578.7940;    287.7270;       3.0;
94;3;    780.9100;    304.7090;       3.0;
95;3;    984.7240;    437.6790;       5.0;
96;3;    598.8240;    367.7980;       3.0;
97;3;    773.8880;    299.2660;       3.0;
98;3;    788.2230;    334.1200;       3.0;
99;3;    416.5050;    199.8160;       3.0;
100;3;    572.9420;    222.7140;       5.0;
101;3;    716.4900;    402.8620;       5.0;
102;3;    693.5840;    387.9820;       3.0;
103;3;    739.0480;    345.8090;       3.0;
104;3;   1061.5200;    399.6630;     127.0;
105;3;    693.2270;    285.6270;      61.0;
106;3;    446.8510;    209.4840;      37.0;
107;3;    730.2410;    317.6080;      67.0;
108;3;    549.9760;    345.8990;       3.0;
109;3;    535.0530;    199.2660;      41.0;
110;3;    667.1590;    367.3600;       3.0;
111;3;    787.2930;    370.6140;       3.0;
112;3;    454.5670;    347.5680;       3.0;
113;3;    448.0430;    279.9290;       3.0;
114;3;    349.4020;    201.8800;       3.0;
115;3;    588.6910;    334.1200;       3.0;
116;3;    886.3060;    367.4030;       3.0;
117;3;    413.0110;    190.2880;       3.0;
118;3;    756.2560;    297.9320;      13.0;
119;3;    301.3750;    144.0580;       3.0;
120;3;    464.8200;    265.0490;       3.0;
121;3;    577.4290;    397.6400;       9.0;
122;3;    239.6550;    128.1770;       3.0;
123;3;    453.4080;    182.1750;      27.0;
124;3;    927.5510;    350.4090;       7.0;
125;3;    791.5290;    332.4170;      31.0;
126;3;    676.7670;    371.6090;       3.0;
127;3;   1013.5000;    383.6270;       5.0;
128;3;    657.5040;    306.6730;       3.0;
129;3;    686.9520;    337.8280;       3.0;
130;4;    623.4860;    267.3770;       6.0;
131;4;    998.4260;    369.3490;       6.0;
132;4;    655.8600;    197.0000;       4.0;
133;4;   1027.4200;    364.7340;       6.0;
134;4;    907.7430;    357.8260;      32.0;
135;4;   1430.0600;    412.2270;     334.0;
136;4;    860.2460;    339.3890;       4.0;
137;4;   1000.8000;    377.3580;       6.0;
138;4;    480.9820;    268.1810;       4.0;
139;4;    633.9780;    242.6350;       6.0;
140;4;    736.6890;    230.7580;       4.0;
141;4;    970.8020;    398.4750;       4.0;
142;4;    270.9540;    146.9900;       4.0;
143;4;    865.3840;    329.8370;       4.0;
144;4;    970.8900;    439.9630;       4.0;
145;4;    975.1790;    353.3100;       4.0;
146;4;    851.0960;    279.7140;      46.0;
147;4;    928.0020;    396.2820;       6.0;
148;4;   1294.3500;    365.5090;      14.0;
149;4;    698.0460;    244.4960;       4.0;
150;4;    980.8330;    368.5750;       4.0;
151;4;    618.6300;    203.9390;       4.0;
152;4;    792.6640;    318.3920;       4.0;
153;4;    668.6410;    236.5270;       4.0;
154;4;    979.7420;    329.2270;      34.0;
155;4;    434.7930;    166.0770;       4.0;
156;4;    703.8300;    346.5870;       4.0;
157;4;   1031.4600;    353.1620;       4.0;
158;4;    579.1290;    236.5270;       4.0;
159;4;    599.3450;    241.4450;       4.0;
160;4;    994.7490;    325.8710;       4.0;
161;4;   1080.0000;    337.6990;      26.0;
162;4;   1301.0800;    403.2030;       6.0;
163;4;    964.2430;    437.8120;       4.0;
164;4;   1235.6700;    420.0130;      10.0;
165;4;    909.1020;    298.8310;       6.0;
166;4;    541.2520;    327.1600;       4.0;
167;4;    702.9020;    320.0390;       4.0;
168;4;    936.0790;    245.5860;       4.0;
169;4;   1026.6500;    419.3990;      10.0;
170;4;    744.9730;    240.5970;       4.0;
171;4;    696.1100;    231.1050;       4.0;
172;4;    867.3580;    396.4410;       8.0;
173;5;    782.5970;    281.7220;      25.0;
174;5;   1245.1700;    360.1000;       7.0;
175;5;   1031.7000;    297.5730;       5.0;
176;5;   1195.2200;    390.4500;       5.0;
177;5;   1006.0200;    296.0090;      45.0;
178;5;   1245.5700;    325.5810;      11.0;
179;5;   1092.0300;    340.7090;      93.0;
180;5;   1354.7000;    358.0020;       7.0;
181;5;    875.5750;    226.4570;       7.0;
182;5;    945.7710;    325.7020;       5.0;
183;5;    988.7670;    356.9880;       7.0;
184;5;   1150.6500;    282.1500;       7.0;
185;5;    762.0870;    279.7210;       5.0;
186;5;    978.9870;    279.2200;      11.0;
187;5;   1143.5200;    433.9020;      25.0;
188;5;   1063.7300;    362.5060;       7.0;
189;5;    692.2650;    280.9250;       5.0;
190;5;   1161.5100;    312.6710;       9.0;
191;5;   1375.4500;    407.4790;       7.0;
192;5;    895.7530;    331.2010;       5.0;
193;5;    997.7270;    265.1480;       5.0;
194;5;   1090.5100;    400.0660;       9.0;
195;5;   1044.6900;    336.9530;      15.0;
196;5;   1026.3000;    296.6050;       7.0;
197;5;    940.9920;    349.7640;      47.0;
198;5;   1213.6100;    277.8440;       7.0;
199;5;    950.6430;    440.9620;       5.0;
200;5;   1062.5800;    284.7990;    1651.0;
201;5;   1277.5100;    407.4790;      15.0;
202;5;    788.2300;    306.2180;      11.0;
203;5;    751.3230;    204.0990;       5.0;
204;5;   1403.4400;    336.6900;      31.0;
205;5;   1141.8800;    284.6450;      33.0;
206;5;    907.3560;    228.8010;       7.0;
207;5;   1305.0700;    336.6900;      71.0;
208;5;   1572.2900;    372.5950;       5.0;
209;5;   1208.5700;    390.8370;       5.0;
210;5;    825.9160;    265.2680;       5.0;
211;5;   1195.7800;    340.6030;       5.0;
212;5;    530.0370;    211.9690;       5.0;
213;5;    658.2020;    364.7440;     153.0;
214;5;    876.3300;    325.7620;       5.0;
215;5;   1070.9700;    317.6500;       7.0;
216;6;   1392.1700;    411.3190;       6.0;
217;6;    989.6260;    285.8530;       6.0;
218;6;   1558.2000;    419.3410;      24.0;
219;6;   1259.9500;    302.1920;      10.0;
220;6;    833.6630;    281.9000;       6.0;
221;6;   1594.2300;    407.0440;       8.0;
222;6;   1221.6000;    368.0180;      40.0;
223;6;   1379.8600;    375.9640;       6.0;
224;6;   1281.5800;    280.4880;       8.0;
225;6;   1171.8400;    260.7930;      18.0;
226;6;   1160.6900;    372.5950;       6.0;
227;6;   1183.6500;    286.4100;       6.0;
228;6;   1365.5500;    391.5480;       6.0;
229;6;   1078.6400;    296.2720;       8.0;
230;6;   1350.4600;    354.0850;       8.0;
231;6;   1376.1100;    379.6820;       8.0;
232;6;   1636.9700;    335.0970;      14.0;
233;6;   1561.6000;    387.0730;      24.0;
234;6;   1618.5300;    375.0560;       8.0;
235;6;   1177.5000;    349.6910;      14.0;
236;6;   1454.0100;    337.9250;      20.0;
237;6;   1216.9100;    332.5520;       6.0;
238;6;   1354.1500;    389.9470;      28.0;
239;6;   1466.2400;    337.5130;      56.0;
240;6;   1518.2200;    446.2310;       8.0;
241;6;   1691.1900;    454.9420;       6.0;
242;6;   1387.8300;    394.4880;      10.0;
243;6;   1172.2500;    374.7450;      10.0;
244;6;   1673.6800;    372.3300;      12.0;
245;6;    859.3290;    298.4280;       6.0;
246;6;   1276.6800;    336.8050;      56.0;
247;6;   1021.3100;    278.3070;      98.0;
248;6;   1221.4900;    337.2580;      10.0;
249;6;   1276.4600;    317.0260;      28.0;
250;6;   1467.7300;    364.1800;       8.0;
251;6;   1493.7900;    379.6820;       8.0;
252;6;   1359.7800;    416.7740;       8.0;
253;6;   1126.5800;    358.1130;       6.0;
254;6;   1311.9000;    280.5950;      12.0;
255;6;   1342.6000;    361.6960;      20.0;
256;6;   1298.4900;    366.7710;      72.0;
257;6;   1077.8800;    285.0390;       6.0;
258;6;   1169.6200;    311.7080;       6.0;
259;7;   1056.9100;    329.3390;      13.0;
260;7;   1856.1100;    385.9790;      31.0;
261;7;   1558.2000;    367.9490;     127.0;
262;7;   1355.7600;    306.6730;      51.0;
263;7;   1609.9300;    406.5030;      27.0;
264;7;   1206.4700;    429.5550;      13.0;
265;7;   1410.5600;    313.7680;      59.0;
266;7;   2271.2000;    468.0800;       7.0;
267;7;   1375.8700;    298.8950;      17.0;
268;7;   1627.8900;    424.1310;      13.0;
269;7;   1278.3100;    325.7620;       7.0;
270;7;   1339.6200;    416.1730;       9.0;
271;7;   1709.5200;    390.7570;      33.0;
272;7;   1297.4200;    341.1110;      11.0;
273;7;   1685.3600;    345.8400;       9.0;
274;7;   1411.3700;    318.6320;      91.0;
275;7;   1086.6200;    257.2310;       7.0;
276;7;   1532.8200;    410.9290;      11.0;
277;7;   1560.8500;    389.7270;      11.0;
278;7;   1441.5900;    273.4380;      23.0;
279;7;   1690.9700;    414.8390;     165.0;
280;7;   1945.5800;    402.8230;      25.0;
281;7;   1696.0600;    456.6670;      25.0;
282;7;   1356.3100;    314.9960;     233.0;
283;7;   1396.5100;    367.7980;       9.0;
284;7;   1757.6200;    384.3410;     201.0;
285;7;   1091.9900;    300.7840;     111.0;
286;7;   1833.3400;    312.9660;      31.0;
287;7;   1164.6300;    262.2440;      67.0;
288;7;   1552.1900;    414.4440;      17.0;
289;7;   1096.0900;    250.2000;       9.0;
290;7;   1194.9800;    314.8340;      63.0;
291;7;   1516.6500;    396.2820;      23.0;
292;7;   1914.0500;    467.1710;      23.0;
293;7;   1241.4300;    360.1000;      37.0;
294;7;   1406.0800;    329.4140;      83.0;
295;7;   1596.9400;    320.9710;     261.0;
296;7;   1484.9200;    321.7580;       7.0;
297;7;   1676.0300;    332.0830;      19.0;
298;7;   1563.7000;    369.0880;      39.0;
299;7;   1367.6100;    308.9680;      13.0;
300;7;   1455.7300;    386.9970;       7.0;
301;7;   1640.9500;    335.1400;      13.0;
302;8;   1439.8900;    334.6470;     254.0;
303;8;   1654.2000;    433.5290;      36.0;
304;8;   1278.6600;    260.6530;      10.0;
305;8;   1361.0400;    269.3890;       8.0;
306;8;   1758.7600;    358.6430;      24.0;
307;8;   1742.6400;    354.8800;      10.0;
308;8;   1923.5500;    419.3990;      80.0;
309;8;   1990.8400;    385.9360;     200.0;
310;8;   1547.1700;    284.1620;      10.0;
311;8;   1554.2600;    319.0650;      12.0;
312;8;   1551.3300;    391.7460;      14.0;
313;8;   1737.8900;    441.3910;      14.0;
314;8;   1634.8800;    343.6630;      22.0;
315;8;   1586.1500;    400.0660;      10.0;
316;8;   1701.8800;    394.1160;      10.0;
317;8;   1174.5700;    232.5400;       8.0;
318;8;   1229.0900;    274.6480;      18.0;
319;8;   1832.1000;    304.9120;      48.0;
320;8;   1773.0800;    375.0560;      98.0;
321;8;   1561.2100;    428.7810;      12.0;
322;8;   1393.3800;    334.9180;      20.0;
323;8;   1719.3400;    344.9660;      16.0;
324;8;   2091.3400;    360.1000;      10.0;
325;8;   1924.9900;    356.8600;      36.0;
326;8;   1331.5500;    345.8990;      12.0;
327;8;   1315.6500;    296.9300;      10.0;
328;8;   1840.7600;    325.8530;      10.0;
329;8;   1600.8600;    345.8990;     180.0;
330;8;   1432.4800;    332.3520;    1440.0;
331;8;   1388.8300;    300.3500;      38.0;
332;8;   1988.2000;    437.8120;      60.0;
333;8;   1419.7000;    364.5700;      10.0;
334;8;   1331.6900;    445.0410;       8.0;
335;8;   1683.3700;    339.3890;       8.0;
336;8;   1696.1000;    368.5750;      18.0;
337;8;   1994.3000;    386.0340;      88.0;
338;8;   1381.6700;    329.8370;      10.0;
339;8;   1986.5200;    418.2850;     164.0;
340;8;   1632.9100;    333.6830;     768.0;
341;8;   1487.6400;    368.4630;      16.0;
342;8;   2305.9300;    417.6820;      66.0;
343;8;   1806.2400;    350.5340;      40.0;
344;8;   1876.6400;    381.4360;     122.0;
345;9;   2192.9800;    413.4810;     187.0;
346;9;   1854.8300;    390.7570;      83.0;
347;9;   1978.4300;    379.1280;     611.0;
348;9;   1441.3400;    359.9030;      27.0;
349;9;   2029.4800;    367.9020;      41.0;
350;9;   1986.3000;    409.9720;      45.0;
351;9;   2129.8400;    385.2380;    1433.0;
352;9;   2342.3300;    339.1610;     341.0;
353;9;   2059.5400;    323.2520;    1463.0;
354;9;   2099.0300;    363.4460;      39.0;
355;9;   2458.3000;    397.2450;     725.0;
356;9;   2188.8000;    399.2490;     227.0;
357;9;   2132.8300;    424.6420;     329.0;
358;9;   1824.8900;    285.5070;       9.0;
359;9;   1840.3700;    313.7680;     153.0;
360;9;   1813.8500;    417.3420;      11.0;
361;9;   2308.3200;    433.4580;      11.0;
362;9;   1391.8000;    369.4830;       9.0;
363;9;   1902.1300;    454.5470;     285.0;
364;9;   1527.7500;    257.2240;       9.0;
365;9;   1968.3100;    396.6300;      13.0;
366;9;   2565.7400;    372.7080;    1409.0;
367;9;   2118.4600;    324.7680;      41.0;
368;9;   1271.2500;    347.5580;      27.0;
369;9;   1428.6900;    344.0080;      25.0;
370;9;   1180.6100;    303.6440;       9.0;
371;9;   2484.9400;    380.7840;    2357.0;
372;9;   2181.7100;    358.8460;     199.0;
373;9;   1802.2200;    389.9470;       9.0;
374;9;   1796.6800;    364.3210;      31.0;
375;9;   1555.7800;    362.5670;     351.0;
376;9;   2293.5800;    438.4550;     389.0;
377;9;   2312.4700;    350.1610;      27.0;
378;9;   1700.4900;    362.5060;      11.0;
379;9;   1882.3600;    349.6910;     649.0;
380;9;   2075.0300;    419.1930;      31.0;
381;9;   2097.5300;    409.6980;      47.0;
382;9;   2197.4500;    412.0940;      23.0;
383;9;   1779.1200;    357.4850;     717.0;
384;9;   2054.1800;    368.4630;      79.0;
385;9;   1701.3700;    361.1240;     101.0;
386;9;   1799.2600;    321.2660;      11.0;
387;9;   2340.0500;    378.9280;      29.0;
388;10;   1713.8300;    309.5260;      32.0;
389;10;   2249.9200;    341.5500;      26.0;
390;10;   2454.9700;    419.1930;     150.0;
391;10;   2178.7400;    387.9820;      42.0;
392;10;   2037.4400;    384.8900;      12.0;
393;10;   1536.6800;    294.7430;      14.0;
394;10;   2390.1500;    309.8570;   35996.0;
395;10;   2392.0200;    322.1160;     728.0;
396;10;   1986.1100;    312.7450;      32.0;
397;10;   2100.2900;    439.9630;      32.0;
398;10;   2131.2100;    380.7240;      28.0;
399;10;   2361.1400;    456.8690;     256.0;
400;10;   1705.2600;    303.1760;      14.0;
401;10;   2205.4400;    414.8390;     346.0;
402;10;   2498.6800;    385.5760;     268.0;
403;10;   2351.9800;    355.1220;     106.0;
404;10;   2116.7200;    413.4580;      50.0;
405;10;   2216.6300;    345.8400;      20.0;
406;10;   2008.4800;    331.5600;      44.0;
407;10;   2556.4800;    347.1820;      30.0;
408;10;   1979.7100;    305.7960;    1654.0;
409;10;   2116.9100;    324.2980;      12.0;
410;10;   1769.7800;    294.9270;    1500.0;
411;10;   1860.0600;    325.3220;      92.0;
412;10;   2694.8400;    365.2990;    2950.0;
413;10;   1730.7700;    362.0970;     104.0;
414;10;   2138.4800;    355.3380;    1486.0;
415;10;   1688.9000;    324.2900;      12.0;
416;10;   2184.8600;    370.6900;     518.0;
417;10;   2306.2400;    309.8710;      20.0;
418;10;   2404.4300;    327.0010;    3282.0;
419;10;   2162.5000;    397.9150;     306.0;
420;10;   2224.3500;    422.0210;      58.0;
421;10;   2540.2400;    439.0550;      52.0;
422;10;   2225.4100;    364.5700;      30.0;
423;10;   1952.5400;    386.5540;    1580.0;
424;10;   1970.5800;    379.6820;     194.0;
425;10;   1997.7900;    370.2570;      64.0;
426;10;   2047.3000;    395.8560;      24.0;
427;10;   1897.1800;    372.5480;     252.0;
428;10;   1922.9200;    359.0800;      12.0;
429;10;   2068.2300;    376.5990;      12.0;
430;10;   2391.0800;    452.2960;      56.0;
431;11;   2033.4100;    458.3880;      15.0;
432;11;   2275.0100;    367.3600;     121.0;
433;11;   2457.5000;    427.1690;     217.0;
434;11;   2645.2400;    444.0010;     535.0;
435;11;   2503.8300;    428.7810;      41.0;
436;11;   1832.5600;    313.8680;      79.0;
437;11;   2806.2800;    412.3510;    2705.0;
438;11;   2470.0200;    398.4750;      13.0;
439;11;   2899.9200;    403.4220;     153.0;
440;11;   2875.7000;    472.0340;    1811.0;
441;11;   2157.5500;    347.6400;      23.0;
442;11;   2675.9400;    421.1600;     169.0;
443;11;   2003.5000;    313.6450;      63.0;
444;11;   2215.9300;    419.0600;     209.0;
445;11;   2647.3500;    441.5940;     725.0;
446;11;   2790.4200;    386.3500;      51.0;
447;11;   2572.9900;    356.1620;      23.0;
448;11;   2561.3100;    419.5370;      27.0;
449;11;   2890.6800;    327.6370;    1857.0;
450;11;   2718.7400;    352.4810;      25.0;
451;11;   2603.5200;    419.3990;      21.0;
452;11;   1496.0600;    317.9340;      17.0;
453;11;   1890.8700;    318.4240;      15.0;
454;11;   2374.1400;    351.5720;     383.0;
455;11;   2261.3800;    435.0260;      17.0;
456;11;   2701.5100;    373.5820;     593.0;
457;11;   2431.8400;    433.0640;   13681.0;
458;11;   2640.4100;    469.2700;      57.0;
459;11;   2383.3300;    386.4440;     463.0;
460;11;   2780.4100;    371.4080;     381.0;
461;11;   2785.8900;    412.1580;     119.0;
462;11;   2211.9700;    388.2200;     475.0;
463;11;   2535.4500;    463.5770;      75.0;
464;11;   2551.8900;    344.1940;     293.0;
465;11;   2295.5700;    377.8850;     281.0;
466;11;   2195.0700;    435.6060;      27.0;
467;11;   2091.4100;    280.5810;      19.0;
468;11;   2256.6100;    386.9970;      19.0;
469;11;   2158.8200;    333.0110;     151.0;
470;11;   2381.4100;    454.9420;     161.0;
471;11;   2065.5000;    395.9350;      57.0;
472;11;   2615.9500;    430.8020;     181.0;
473;11;   1958.7400;    325.5310;      39.0;
474;12;   2818.0800;    411.3760;      30.0;
475;12;   2198.0300;    464.9150;      62.0;
476;12;   2867.3100;    404.0870;    8546.0;
477;12;   2948.7400;    407.1770;    1216.0;
478;12;   2387.5000;    348.2580;      16.0;
479;12;   2307.1200;    434.3100;     364.0;
480;12;   3237.0300;    419.1930;      86.0;
481;12;   2874.7500;    329.5430;    3116.0;
482;12;         NaN;         NaN;  655014.0;
483;12;   2785.9600;    368.1350;     164.0;
484;12;   2456.6500;    340.4700;      22.0;
485;12;   2938.8000;    454.9420;   25072.0;
486;12;   2731.8500;    432.4220;     134.0;
487;12;   3582.1700;    414.4440;    1266.0;
488;12;   2225.8100;    386.9970;      44.0;
489;12;   2909.3100;    463.0930;     172.0;
490;12;   2261.6600;    303.5100;      50.0;
491;12;   2469.4000;    372.5950;   11634.0;
492;12;   1956.6000;    344.5340;     366.0;
493;12;   2327.3500;    387.4620;     104.0;
494;12;   2633.2500;    365.0450;     602.0;
495;12;   2875.1700;    438.5590;    4798.0;
496;12;   2471.4600;    447.1390;      24.0;
497;12;   2374.4800;    406.5160;     496.0;
498;12;   1999.0300;    389.5580;     114.0;
499;12;   2192.8300;    296.5100;      16.0;
500;12;   2359.6200;    375.0560;     280.0;
501;12;   2282.7600;    317.3670;     124.0;
502;12;   2842.5100;    380.9130;     594.0;
503;12;   2496.0700;    378.9280;      70.0;
504;12;   2679.4800;    447.7240;   21724.0;
505;12;   2812.0500;    439.5860;     468.0;
506;12;   2510.0100;    327.3530;     104.0;
507;12;   2008.8500;    442.4390;      68.0;
508;12;   2148.7600;    376.9910;      18.0;
509;12;   2814.8300;    402.8620;     196.0;
510;12;   2836.9800;    400.5650;   51480.0;
511;12;   2874.5800;    368.3120;      88.0;
512;12;   2524.5000;    300.4550;     202.0;
513;12;   2318.1800;    325.8710;      46.0;
514;12;   2776.1100;    381.3520;    3484.0;
515;12;   2886.0600;    387.7120;      34.0;
516;12;   2106.8800;    264.9510;    2814.0;
517;13;   2672.0100;    391.3100;    2189.0;
518;13;   2479.6000;    379.7030;     135.0;
519;13;   3274.1500;    454.5470;      79.0;
520;13;   2953.6900;    435.4980;   36663.0;
521;13;   2828.3100;    362.0970;      59.0;
522;13;   2121.4200;    415.9990;      13.0;
523;13;   2765.6900;    413.6790;     553.0;
524;13;   2319.3700;    419.1930;      43.0;
525;13;   3264.3000;    391.5480;    7669.0;
526;13;   2988.4000;    328.4330;   14809.0;
527;13;   2882.9000;    427.8180;      29.0;
528;13;   2460.8300;    354.6670;    4529.0;
529;13;   2801.0100;    373.2660;    1181.0;
530;13;   2778.8500;    332.6450;      97.0;
531;13;   2523.1300;    432.6210;   12351.0;
532;13;   3142.6400;    396.4350;      35.0;
533;13;   2218.7100;    387.0730;     111.0;
534;13;   2552.9200;    447.1390;     407.0;
535;13;   2880.3500;    397.2450;     821.0;
536;13;   2536.5100;    379.1420;      23.0;
537;13;   2675.8600;    398.4030;    7743.0;
538;13;         NaN;         NaN;  556519.0;
539;13;   2781.0200;    395.9350;      57.0;
540;13;   3138.6100;    426.8430;    3103.0;
541;13;   3226.8400;    456.2060;      87.0;
542;13;   2581.4700;    357.5340;    2235.0;
543;13;   3161.0700;    443.3530;     171.0;
544;13;   2059.3300;    325.6170;    1391.0;
545;13;   2131.6400;    346.3340;      55.0;
546;13;   3228.1700;    382.6280;      97.0;
547;13;   2925.9200;    371.4240;    4917.0;
548;13;   1890.4800;    254.0180;      23.0;
549;13;   2792.2000;    346.5870;     211.0;
550;13;   2333.0300;    453.5840;     153.0;
551;13;   2267.7600;    334.6510;     521.0;
552;13;   2706.6100;    383.5230;     211.0;
553;13;   3495.2100;    444.8030;    2689.0;
554;13;   3791.2500;    425.8140;    3637.0;
555;13;   2745.7800;    385.5620;     163.0;
556;13;   2691.6700;    405.2610;     431.0;
557;13;   3066.8900;    403.1310;      93.0;
558;13;   2964.2800;    419.3990;     143.0;
559;13;   2607.5500;    348.9990;      61.0;
560;14;   2823.3700;    380.7720;    4158.0;
561;14;   3094.0000;    456.3690;     246.0;
562;14;   3039.1600;    388.2690;     438.0;
563;14;   2555.7600;    380.8530;      90.0;
564;14;   3630.6200;    430.1660;    2440.0;
565;14;   2785.3900;    397.0570;      36.0;
566;14;   3256.2700;    416.5670;     654.0;
567;14;   2838.5400;    445.1410;    8220.0;
568;14;   3176.8200;    336.2710;     388.0;
569;14;   2692.6500;    355.2140;      34.0;
570;14;   2595.0700;    364.1800;    3272.0;
571;14;   3308.7500;    419.1930;    6032.0;
572;14;   2511.1600;    454.5470;     158.0;
573;14;   2903.7400;    366.9680;      82.0;
574;14;   3874.2400;    454.4590;   31448.0;
575;14;   3082.0700;    337.7330;     578.0;
576;14;   2865.6300;    368.0730;    7594.0;
577;14;   2934.0700;    417.5380;    9844.0;
578;14;   3419.2500;    387.7120;    1816.0;
579;14;   3564.9500;    392.1000;    2080.0;
580;14;   3189.4400;    350.5340;    1028.0;
581;14;   2469.2000;    369.4830;      44.0;
582;14;   2780.0000;    384.4310;     372.0;
583;14;   2668.6500;    371.3240;   49758.0;
584;14;   3249.7400;    395.9410;  298992.0;
585;14;   2774.9000;    349.4090;   10292.0;
586;14;   2516.3700;    411.5580;   10534.0;
587;14;   3254.8200;    395.5030;     830.0;
588;14;   2945.5500;    313.5790;  325250.0;
589;14;   2825.7000;    321.5990;    1814.0;
590;14;   3064.6300;    319.7070;    1414.0;
591;14;   2741.3000;    397.9150;   34816.0;
592;14;   3459.2000;    481.7270;     172.0;
593;14;   2569.3300;    393.6320;      84.0;
594;14;   3795.1400;    399.3020;    9818.0;
595;14;   2754.3700;    345.1500;    9380.0;
596;14;   2831.0200;    407.9440;     360.0;
597;14;   2706.1300;    386.0340;    3606.0;
598;14;   2829.7800;    391.5480;     312.0;
599;14;   2399.5300;    353.1620;      26.0;
600;14;   2658.8000;    403.3930;    5018.0;
601;14;   3025.6200;    428.7810;     238.0;
602;14;   2900.3700;    394.9530;     910.0;
603;15;   3684.4000;    409.5380;      67.0;
604;15;   3183.7200;    411.1950;     129.0;
605;15;   2916.9000;    345.8990;    2483.0;
606;15;   4064.4500;    402.8230;    7751.0;
607;15;   2850.3100;    333.9040;      67.0;
608;15;   3102.4100;    317.4970;    3113.0;
609;15;   2714.0100;    398.7300;    3037.0;
610;15;   2596.3300;    284.5520;     895.0;
611;15;   3469.1300;    376.5990;    2355.0;
612;15;   2940.5500;    411.4690;    4837.0;
613;15;   2852.9700;    411.3190;   23891.0;
614;15;   2961.9600;    433.8380;      83.0;
615;15;   3529.4500;    349.0830;     103.0;
616;15;   3157.9300;    358.0020;   66033.0;
617;15;   2795.9700;    387.4070;     203.0;
618;15;   3254.3300;    359.0220;     377.0;
619;15;   3224.3500;    406.8250;    2545.0;
620;15;   3878.5500;    422.3460;    3543.0;
621;15;   3429.6500;    400.8400;     327.0;
622;15;   3328.7700;    407.4630;      67.0;
623;15;   3108.3600;    442.8590;     117.0;
624;15;   3005.9400;    335.6660;     113.0;
625;15;   3384.8800;    422.3460;     131.0;
626;15;   3199.6600;    364.9560;      71.0;
627;15;   3126.1600;    349.8440;    3867.0;
628;15;   3775.6700;    445.9490;   76205.0;
629;15;   2883.3600;    381.5470;      39.0;
630;15;   3420.2700;    343.9750;    2839.0;
631;15;   3595.8400;    470.4400;     607.0;
632;15;         NaN;         NaN;  669401.0;
633;15;   3129.9100;    327.9790;      95.0;
634;15;   3501.5300;    427.8780;    2253.0;
635;15;   3698.9500;    401.9940;     837.0;
636;15;   3665.4800;    458.3880;  328401.0;
637;15;   2948.7500;    466.9340;     163.0;
638;15;   3233.3600;    435.9890;    4039.0;
639;15;   3424.7800;    368.9830;   20207.0;
640;15;   3620.2700;    433.5290;      85.0;
641;15;   2864.0500;    462.3940;     685.0;
642;15;   3591.0500;    443.3530;     247.0;
643;15;   3080.5600;    415.9850;     155.0;
644;15;   3357.4800;    358.3320;     197.0;
645;15;   3559.3100;    395.5370;     591.0;
646;16;         NaN;         NaN;  595492.0;
647;16;   3677.2900;    437.4830;    9562.0;
648;16;   3413.5200;    412.3530;   27730.0;
649;16;   3644.9000;    460.0710;     452.0;
650;16;   2969.3100;    397.6250;   11818.0;
651;16;   3433.3400;    351.4710;     646.0;
652;16;   3166.8100;    314.3680;   48424.0;
653;16;   3213.1900;    392.9600;    8298.0;
654;16;   3727.9000;    409.6980;   22278.0;
655;16;   3096.0400;    328.6280;    3332.0;
656;16;   3221.1200;    345.3080;     378.0;
657;16;   2961.2200;    387.0040;    5566.0;
658;16;   3242.1500;    380.7310;    4946.0;
659;16;   3346.3900;    353.9340;    9642.0;
660;16;   3645.9900;    437.8120;    1142.0;
661;16;   3510.9200;    460.7640;  196056.0;
662;16;   3721.6200;    414.8390;      46.0;
663;16;   3594.9300;    365.6510;   50490.0;
664;16;   3770.1500;    413.4810;     248.0;
665;16;   4166.4600;    406.5160;    7970.0;
666;16;   3314.5700;    399.7160;   79378.0;
667;16;   3590.2300;    360.5420;    2784.0;
668;16;   3735.1500;    336.5110;   45642.0;
669;16;   3402.0700;    388.6830;   15346.0;
670;16;   3030.1300;    424.8330;     144.0;
671;16;   3240.0600;    419.1930;   14146.0;
672;16;         NaN;         NaN;  537532.0;
673;16;   4274.0800;    434.6590;   50564.0;
674;16;         NaN;         NaN;  542360.0;
675;16;   3836.0700;    411.2110;  320614.0;
676;16;   2787.4400;    394.4070;    9604.0;
677;16;   3555.4700;    433.5290;    5916.0;
678;16;   3259.4100;    323.9240;  152262.0;
679;16;   3318.3300;    429.9190;    1248.0;
680;16;   4095.5600;    463.4870;    1492.0;
681;16;   3882.8100;    399.3020;   11748.0;
682;16;         NaN;         NaN;  586126.0;
683;16;         NaN;         NaN;  466926.0;
684;16;   3297.2000;    405.8140;   15850.0;
685;16;   2871.1500;    371.8760;      72.0;
686;16;         NaN;         NaN;  610420.0;
687;16;   3013.9700;    379.2960;    1182.0;
688;16;   2988.0600;    360.0230;     706.0;
689;17;   2938.4100;    378.6630;  588795.0;
690;17;   3754.8100;    486.4330;     515.0;
691;17;   3959.0100;    380.7310;   22141.0;
692;17;   3175.9100;    369.8550;   24537.0;
693;17;         NaN;         NaN;  508551.0;
694;17;   3578.2500;    463.8070;     125.0;
695;17;   3767.3500;    343.4000;    4985.0;
696;17;   3860.9200;    365.1280;   28707.0;
697;17;   4077.8000;    432.6210;     425.0;
698;17;   2853.3100;    319.8690;     973.0;
699;17;   4061.5700;    396.6480;    1371.0;
700;17;   3377.9100;    420.0130;     653.0;
701;17;         NaN;         NaN;  600733.0;
702;17;   3324.7400;    341.9810;     719.0;
703;17;   3869.9600;    433.1220;   59149.0;
704;17;   3854.3300;    364.1800;   54829.0;
705;17;   3116.6600;    369.8300;   56959.0;
706;17;   3609.0200;    445.4490;    8465.0;
707;17;   3399.6000;    352.7760;    1153.0;
708;17;   3505.2400;    446.7230;      51.0;
709;17;   3381.7300;    435.6080;    1363.0;
710;17;   3752.8700;    400.6050;   21477.0;
711;17;   4268.7700;    408.4480;     915.0;
712;17;   3799.4100;    399.5380;  504731.0;
713;17;   4161.3500;    407.0440;    5553.0;
714;17;         NaN;         NaN;  293031.0;
715;17;   3725.6700;    467.1710;    1605.0;
716;17;   3851.4700;    364.1800;     273.0;
717;17;   3064.7000;    388.8450;     741.0;
718;17;   3250.3800;    376.9910;     143.0;
719;17;   4135.1000;    460.0710;    9179.0;
720;17;   3232.9700;    336.0660;     171.0;
721;17;   3204.8800;    303.0230;    8871.0;
722;17;   3835.1700;    402.6240;     149.0;
723;17;   2733.1700;    387.8710;    2055.0;
724;17;   3519.1100;    438.1780;  303805.0;
725;17;   3632.8400;    374.5130;     473.0;
726;17;   3044.5400;    341.8630;    2325.0;
727;17;   3941.2400;    427.8180;    1721.0;
728;17;         NaN;         NaN;  579117.0;
729;17;   3946.1000;    338.9200;   42147.0;
730;17;   3801.5900;    418.1880;    3425.0;
731;17;   3079.4800;    390.3420;    6019.0;
732;18;   3401.4300;    407.4630;   15582.0;
733;18;   4072.1700;    379.4940;     512.0;
734;18;   3521.4400;    349.2770;    8108.0;
735;18;   4096.7300;    464.9150;    3018.0;
736;18;   4187.6800;    386.7700;    4498.0;
737;18;         NaN;         NaN;  598502.0;
738;18;   3607.1700;    358.1130;     420.0;
739;18;   4439.2100;    468.1420;    4870.0;
740;18;   3704.5000;    418.8300;     108.0;
741;18;   4281.5100;    394.7500;  160792.0;
742;18;   2943.1800;    366.1380;      40.0;
743;18;   3584.0200;    323.8680;    2904.0;
744;18;   3936.5600;    397.2450;    8036.0;
745;18;   3710.1700;    374.8110;    8252.0;
746;18;   3974.5900;    424.4440;    8042.0;
747;18;   3431.0400;    408.4480;   19162.0;
748;18;         NaN;         NaN;  782306.0;
749;18;   3890.3700;    423.4490;   11646.0;
750;18;   4474.0800;    470.4870;     644.0;
751;18;   3864.3600;    370.9420;     804.0;
752;18;   4058.2400;    376.7380;   44876.0;
753;18;   3862.2800;    367.3600;   57462.0;
754;18;   3822.9600;    402.4970;  402452.0;
755;18;   3949.6800;    445.0410;  178644.0;
756;18;   4079.0700;    420.8700;   18072.0;
757;18;   3653.8600;    416.1030;     252.0;
758;18;   4030.9100;    347.6320;   53544.0;
759;18;   3276.7900;    410.8840;   25884.0;
760;18;   3639.9900;    381.4350;     154.0;
761;18;         NaN;         NaN;  558856.0;
762;18;   4076.7000;    411.6390;   34456.0;
763;18;         NaN;         NaN;  601792.0;
764;18;   3802.8800;    395.8760;    4080.0;
765;18;         NaN;         NaN;  475402.0;
766;18;   3355.1700;    323.8370;    9728.0;
767;18;         NaN;         NaN;  556664.0;
768;18;   4017.6900;    385.9420;  168820.0;
769;18;   3181.2200;    369.2500;    4376.0;
770;18;   3110.3900;    406.4010;     222.0;
771;18;   3794.9100;    391.7460;   29974.0;
772;18;         NaN;         NaN;  484168.0;
773;18;         NaN;         NaN;  556472.0;
774;18;   3840.1700;    444.4860;    5308.0;
775;19;         NaN;         NaN;  519019.0;
776;19;   4261.6700;    389.6430;     479.0;
777;19;   4049.8100;    464.5210;   15433.0;
778;19;   4151.1300;    411.3190;    8763.0;
779;19;   4436.2500;    391.3940;  568441.0;
780;19;   4424.0700;    418.3280;   39757.0;
781;19;         NaN;         NaN;  657459.0;
782;19;         NaN;         NaN;  564771.0;
783;19;   4081.6000;    449.7550;     953.0;
784;19;         NaN;         NaN;  593705.0;
785;19;   3896.1700;    407.3550;    1561.0;
786;19;   3516.8900;    350.7820;    1197.0;
787;19;   4387.9000;    432.8750;   38391.0;
788;19;   4177.7900;    422.6420;    1979.0;
789;19;   4023.9900;    385.7810;    1495.0;
790;19;   3786.0800;    405.1530;    8885.0;
791;19;   3908.6400;    338.7270;    1467.0;
792;19;   3631.4100;    359.1940;     219.0;
793;19;         NaN;         NaN;  523987.0;
794;19;         NaN;         NaN;  570045.0;
795;19;   4046.4100;    398.4750;    5495.0;
796;19;   3591.6700;    326.0160;    7503.0;
797;19;         NaN;         NaN;  665235.0;
798;19;   3445.8300;    372.1530;   70691.0;
799;19;         NaN;         NaN;  467715.0;
800;19;   4405.1100;    396.3510;     795.0;
801;19;   4060.8000;    335.5250;    8607.0;
802;19;   4568.0700;    433.5290;   97841.0;
803;19;   3383.4100;    385.3600;     101.0;
804;19;         NaN;         NaN;  592841.0;
805;19;   3825.1700;    402.2400;   31221.0;
806;19;   3780.1200;    373.6950;  147569.0;
807;19;   3379.4000;    380.4930;    8387.0;
808;19;   4158.4200;    433.4960;   44937.0;
809;19;   3571.7600;    407.8730;    2035.0;
810;19;   4412.6100;    388.4050;    2097.0;
811;19;   4626.5400;    435.6080;   31287.0;
812;19;   4253.5400;    492.1150;   86945.0;
813;19;   3740.1000;    449.9060;  552403.0;
814;19;         NaN;         NaN;  307903.0;
815;19;   4283.3300;    429.1750;    6603.0;
816;19;   3926.9900;    478.3520;  513095.0;
817;19;         NaN;         NaN;  593327.0;
818;20;   4143.3200;    454.5470;   18980.0;
819;20;   4781.7600;    394.7260;    5588.0;
820;20;   3816.9600;    381.0240;   33412.0;
821;20;   4297.0300;    442.8590;    7434.0;
822;20;   4096.4300;    376.9910;      82.0;
823;20;   4268.1300;    435.2140;  286698.0;
824;20;         NaN;         NaN;  542206.0;
825;20;   4645.1200;    475.0560;   15946.0;
826;20;   4201.1200;    397.3780;   92612.0;
827;20;         NaN;         NaN;  610020.0;
828;20;   4518.4000;    414.0830;   61730.0;
829;20;   5014.8000;    468.0800;    2682.0;
830;20;   3866.3600;    416.0090;     424.0;
831;20;   4420.3300;    438.5610;     702.0;
832;20;   4100.1600;    353.5410;   20068.0;
833;20;   4524.2400;    456.9550;   38066.0;
834;20;   4639.3300;    348.3570;    9654.0;
835;20;         NaN;         NaN;  510128.0;
836;20;   4312.7000;    409.3980;   57726.0;
837;20;   4491.0300;    430.6030;   27076.0;
838;20;   4538.6600;    394.4990;  206514.0;
839;20;   3422.4500;    326.5250;    1726.0;
840;20;   4075.2100;    366.8120;   14998.0;
841;20;   5513.6400;    434.9060;   25074.0;
842;20;   3768.3900;    465.3500;   12084.0;
843;20;   4739.3900;    435.2140;   49246.0;
844;20;         NaN;         NaN;  562742.0;
845;20;   4829.3200;    432.1010;    7704.0;
846;20;   3985.6200;    356.5730;  287410.0;
847;20;   4143.0900;    378.7200;  402420.0;
848;20;   4531.4900;    385.9790;   35380.0;
849;20;         NaN;         NaN;  588778.0;
850;20;   4191.3300;    419.7130;     352.0;
851;20;         NaN;         NaN;  512906.0;
852;20;         NaN;         NaN;  523886.0;
853;20;   4969.2800;    471.7360;   20442.0;
854;20;   4081.3100;    367.3600;  532114.0;
855;20;   4258.2300;    382.6910;   49954.0;
856;20;   4637.8200;    419.9610;  376776.0;
857;20;   5079.8800;    462.3940;   42196.0;
858;20;   4352.4100;    459.6550;   47850.0;
859;20;   4346.4500;    467.0520;    8176.0;
860;20;   4516.8900;    389.9470;  483398.0;
861;21;   3864.0200;    367.7980;   93447.0;
862;21;   5004.7000;    412.4660;  264005.0;
863;21;         NaN;         NaN;  481995.0;
864;21;   3963.6600;    433.5290;   22303.0;
865;21;   5037.2800;    406.7830;   49121.0;
866;21;   4149.8500;    365.4530;   17855.0;
867;21;         NaN;         NaN;  520691.0;
868;21;         NaN;         NaN;  519553.0;
869;21;         NaN;         NaN;  454347.0;
870;21;   4018.6900;    441.3560;  185059.0;
871;21;   4197.1200;    376.1110;  141199.0;
872;21;   4024.7100;    394.1160;    4087.0;
873;21;         NaN;         NaN;  533559.0;
874;21;         NaN;         NaN;  542773.0;
875;21;   3945.0800;    420.3080;    2357.0;
876;21;   4497.6800;    385.9790;  417323.0;
877;21;   3805.0100;    371.6090;   11083.0;
878;21;   3957.0200;    396.2820;   13741.0;
879;21;   5244.4700;    413.8170;   28477.0;
880;21;   4294.9100;    481.7280;     729.0;
881;21;   3845.2000;    407.4630;   11577.0;
882;21;         NaN;         NaN;  618589.0;
883;21;   3950.5200;    381.0230;   12145.0;
884;21;   4663.8600;    419.7560;   89181.0;
885;21;   4157.1000;    364.7040;    2483.0;
886;21;   4687.2800;    489.7570;  207543.0;
887;21;         NaN;         NaN;  327061.0;
888;21;   4668.5200;    386.0020;  190077.0;
889;21;         NaN;         NaN;  294557.0;
890;21;   4285.4400;    330.1100;  316203.0;
891;21;   4526.7100;    457.6520;    4967.0;
892;21;         NaN;         NaN;  525377.0;
893;21;         NaN;         NaN;  564711.0;
894;21;         NaN;         NaN;  600527.0;
895;21;   4525.7200;    459.2960;   40277.0;
896;21;         NaN;         NaN;  616385.0;
897;21;         NaN;         NaN;  612623.0;
898;21;   4198.4200;    360.7300;   19765.0;
899;21;         NaN;         NaN;  482845.0;
900;21;         NaN;         NaN;  524387.0;
901;21;   4581.5900;    447.7870;  111507.0;
902;21;   4877.3100;    463.3310;  168257.0;
903;21;   4152.4900;    353.2550;   10655.0;
904;22;         NaN;         NaN;  508582.0;
905;22;         NaN;         NaN;  492664.0;
906;22;         NaN;         NaN;  518078.0;
907;22;   4130.4000;    436.3530;   46352.0;
908;22;         NaN;         NaN;  483856.0;
909;22;   4457.7900;    364.7530;  156268.0;
910;22;   4165.6000;    380.4420;   78466.0;
911;22;         NaN;         NaN;  486614.0;
912;22;         NaN;         NaN;  509044.0;
913;22;   3573.8500;    371.3510;    1110.0;
914;22;         NaN;         NaN;  443640.0;
915;22;         NaN;         NaN;  533656.0;
916;22;         NaN;         NaN;  473850.0;
917;22;         NaN;         NaN;  434648.0;
918;22;   3970.9500;    444.5800;    4996.0;
919;22;         NaN;         NaN;  546170.0;
920;22;   3929.6800;    303.6100;  467552.0;
921;22;   5185.0000;    457.4080;   32424.0;
922;22;   4726.1400;    395.6620;    2878.0;
923;22;   4944.6600;    355.5420;    4722.0;
924;22;   3795.9200;    317.2300;     244.0;
925;22;         NaN;         NaN;  507782.0;
926;22;   5937.1300;    400.7380;   19724.0;
927;22;   5351.1700;    465.9550;    4744.0;
928;22;         NaN;         NaN;  516504.0;
929;22;         NaN;         NaN;  603188.0;
930;22;   4670.1500;    394.3850;  142348.0;
931;22;   4105.1600;    402.5140;    1358.0;
932;22;   4722.2900;    391.5320;  154312.0;
933;22;         NaN;         NaN;  577784.0;
934;22;   4315.6300;    356.3760;  127908.0;
935;22;   5259.1900;    432.6210;    4922.0;
936;22;         NaN;         NaN;  567560.0;
937;22;         NaN;         NaN;  516030.0;
938;22;         NaN;         NaN;  545362.0;
939;22;   4891.0500;    432.1010;     424.0;
940;22;         NaN;         NaN;  464158.0;
941;22;   4897.2300;    459.2960;    2124.0;
942;22;   5148.7600;    421.5540;   94056.0;
943;22;   5060.4600;    418.5930;  338496.0;
944;22;   4908.7700;    417.5940;   30068.0;
945;22;   5020.0500;    366.6580;   68572.0;
946;22;         NaN;         NaN;  582878.0;
947;23;   5360.3300;    421.7540;   84957.0;
948;23;         NaN;         NaN;  482737.0;
949;23;   4075.9900;    370.6080;    3539.0;
950;23;   4428.6500;    420.9790;  300591.0;
951;23;   5735.7900;    466.1430;  172989.0;
952;23;   4345.0400;    399.5620;    2083.0;
953;23;   4367.4300;    401.4660;  163023.0;
954;23;   4645.0500;    402.8680;   92647.0;
955;23;         NaN;         NaN;  507151.0;
956;23;   4645.6300;    392.9760;  497011.0;
957;23;   4532.6500;    367.3940;    4907.0;
958;23;         NaN;         NaN;  523077.0;
959;23;   4272.4400;    352.3710;    5721.0;
960;23;         NaN;         NaN;  574971.0;
961;23;         NaN;         NaN;  526399.0;
962;23;         NaN;         NaN;  486353.0;
963;23;         NaN;         NaN;  454439.0;
964;23;   5176.5500;    404.3680;  347077.0;
965;23;   5210.1000;    397.6400;   38067.0;
966;23;   4409.2000;    394.2030;   34735.0;
967;23;         NaN;         NaN;  479139.0;
968;23;   4720.4400;    381.2000;   86369.0;
969;23;         NaN;         NaN;  588367.0;
970;23;   4685.0300;    400.7190;  111399.0;
971;23;   4418.2500;    388.3780;  233623.0;
972;23;   4562.9200;    422.5890;   71595.0;
973;23;         NaN;         NaN;  557449.0;
974;23;   4258.7500;    433.3540;   91277.0;
975;23;         NaN;         NaN;  552743.0;
976;23;         NaN;         NaN;  545713.0;
977;23;   4241.5900;    419.9940;    1785.0;
978;23;   5720.5600;    432.5960;  102455.0;
979;23;   5490.7600;    462.1300;   24047.0;
980;23;         NaN;         NaN;  586361.0;
981;23;   5568.6400;    459.9450;   80559.0;
982;23;         NaN;         NaN;  448403.0;
983;23;         NaN;         NaN;  549579.0;
984;23;   4526.1200;    477.8870;     523.0;
985;23;   4802.6900;    390.8370;  252399.0;
986;23;   5187.6600;    456.4030;  154401.0;
987;23;   4560.0900;    369.0730;    8973.0;
988;23;   5427.0900;    383.5230;    2917.0;
989;23;         NaN;         NaN;  524577.0;
990;24;   4772.2300;    342.2320;   19066.0;
991;24;   4942.1100;    413.7190;   12370.0;
992;24;         NaN;         NaN;  545562.0;
993;24;         NaN;         NaN;  525220.0;
994;24;         NaN;         NaN;  402326.0;
995;24;   5284.0200;    390.3630;    7972.0;
996;24;         NaN;         NaN;  508450.0;
997;24;         NaN;         NaN;  512850.0;
998;24;         NaN;         NaN;  438614.0;
999;24;         NaN;         NaN;  526212.0;
1000;24;         NaN;         NaN;  544784.0;
1001;24;         NaN;         NaN;  487070.0;
1002;24;   4685.8500;    458.3880;    2800.0;
1003;24;         NaN;         NaN;  493580.0;
1004;24;   4406.2400;    390.8370;     338.0;
1005;24;         NaN;         NaN;  468332.0;
1006;24;   4048.2900;    327.0010;  493708.0;
1007;24;         NaN;         NaN;  482966.0;
1008;24;   5410.8700;    432.4290;  325592.0;
1009;24;   5197.7800;    358.1130;    1606.0;
1010;24;   5295.6400;    487.9590;   31078.0;
1011;24;   4976.7400;    404.1810;    1442.0;
1012;24;         NaN;         NaN;  572540.0;
1013;24;         NaN;         NaN;  536646.0;
1014;24;         NaN;         NaN;  558834.0;
1015;24;   4771.1000;    391.5480;    6350.0;
1016;24;         NaN;         NaN;  544598.0;
1017;24;   5272.4600;    411.3190;  125952.0;
1018;24;         NaN;         NaN;  429522.0;
1019;24;   5288.2500;    415.3960;    4556.0;
1020;24;   4990.0000;    437.0830;  149464.0;
1021;24;   4432.2100;    436.1760;    7412.0;
1022;24;   4534.1600;    379.1280;    1242.0;
1023;24;         NaN;         NaN;  534510.0;
1024;24;         NaN;         NaN;  518556.0;
1025;24;   4630.8800;    389.9470;  115896.0;
1026;24;   5520.7000;    449.5840;  398676.0;
1027;24;         NaN;         NaN;  434430.0;
1028;24;         NaN;         NaN;  592900.0;
1029;24;         NaN;         NaN;  476938.0;
1030;24;         NaN;         NaN;  450112.0;
1031;24;         NaN;         NaN;  489774.0;
1032;24;         NaN;         NaN;  521050.0;
1033;25;         NaN;         NaN;  468623.0;
1034;25;         NaN;         NaN;  467667.0;
1035;25;         NaN;         NaN;  484205.0;
1036;25;         NaN;         NaN;  476875.0;
1037;25;         NaN;         NaN;  474247.0;
1038;25;         NaN;         NaN;  570777.0;
1039;25;   5168.8400;    428.8260;  226981.0;
1040;25;         NaN;         NaN;  527421.0;
1041;25;         NaN;         NaN;  450103.0;
1042;25;         NaN;         NaN;  492943.0;
1043;25;         NaN;         NaN;  606803.0;
1044;25;         NaN;         NaN;  464791.0;
1045;25;         NaN;         NaN;  535137.0;
1046;25;         NaN;         NaN;  473321.0;
1047;25;   5373.9300;    411.7000;   98359.0;
1048;25;         NaN;         NaN;  548069.0;
1049;25;   5380.8500;    405.2290;  272827.0;
1050;25;   5883.2100;    440.2370;  261437.0;
1051;25;         NaN;         NaN;  504735.0;
1052;25;   4694.7300;    411.9700;   16467.0;
1053;25;         NaN;         NaN;  434471.0;
1054;25;         NaN;         NaN;  517507.0;
1055;25;         NaN;         NaN;  475211.0;
1056;25;   4992.2000;    412.5530;  428321.0;
1057;25;         NaN;         NaN;  466015.0;
1058;25;   6239.2500;    470.1630;   52271.0;
1059;25;         NaN;         NaN;  482899.0;
1060;25;   4853.0500;    401.4940;  215391.0;
1061;25;   4111.1600;    360.1760;   17345.0;
1062;25;         NaN;         NaN;  542429.0;
1063;25;         NaN;         NaN;  545137.0;
1064;25;         NaN;         NaN;  462253.0;
1065;25;   5175.8900;    404.8950;   13607.0;
1066;25;         NaN;         NaN;  505509.0;
1067;25;         NaN;         NaN;  513505.0;
1068;25;         NaN;         NaN;  508763.0;
1069;25;   4987.6200;    420.5660;  402019.0;
1070;25;         NaN;         NaN;  514163.0;
1071;25;   5503.3900;    410.0640;   86389.0;
1072;25;   5430.5800;    418.4350;   37729.0;
1073;25;         NaN;         NaN;  522555.0;
1074;25;         NaN;         NaN;  510801.0;
1075;25;         NaN;         NaN;  541117.0;
1076;26;   6141.5300;    344.1690;    4814.0;
1077;26;         NaN;         NaN;  583310.0;
1078;26;   5940.8900;    456.2060;    4532.0;
1079;26;   4808.0600;    396.5530;  182132.0;
1080;26;   5415.6900;    448.6060;   52516.0;
1081;26;         NaN;         NaN;  518882.0;
1082;26;         NaN;         NaN;  480944.0;
1083;26;   4618.8300;    427.9440;    5486.0;
1084;26;   6157.0400;    459.2960;  437374.0;
1085;26;         NaN;         NaN;  460680.0;
1086;26;   5481.3100;    428.1820;   10980.0;
1087;26;         NaN;         NaN;  481882.0;
1088;26;   5370.8600;    399.3020;    2842.0;
1089;26;   5759.5400;    365.1280;   39094.0;
1090;26;   6110.7100;    479.3740;  396304.0;
1091;26;         NaN;         NaN;  489748.0;
1092;26;         NaN;         NaN;  475678.0;
1093;26;         NaN;         NaN;  491400.0;
1094;26;         NaN;         NaN;  579260.0;
1095;26;         NaN;         NaN;  485110.0;
1096;26;         NaN;         NaN;  471860.0;
1097;26;   5195.8200;    380.0640;  125048.0;
1098;26;   5366.6900;    347.7620;  105478.0;
1099;26;         NaN;         NaN;  430852.0;
1100;26;         NaN;         NaN;  482128.0;
1101;26;         NaN;         NaN;  552692.0;
1102;26;         NaN;         NaN;  567422.0;
1103;26;         NaN;         NaN;  468000.0;
1104;26;         NaN;         NaN;  525674.0;
1105;26;         NaN;         NaN;  521578.0;
1106;26;   5799.8600;    388.2990;   67430.0;
1107;26;   4888.4600;    388.2990;  284050.0;
1108;26;         NaN;         NaN;  462178.0;
1109;26;         NaN;         NaN;  502888.0;
1110;26;         NaN;         NaN;  459804.0;
1111;26;         NaN;         NaN;  474576.0;
1112;26;   5976.5000;    435.1540;   67630.0;
1113;26;         NaN;         NaN;  506118.0;
1114;26;         NaN;         NaN;  507034.0;
1115;26;         NaN;         NaN;  560596.0;
1116;26;         NaN;         NaN;  612072.0;
1117;26;         NaN;         NaN;  472146.0;
1118;26;   5235.1800;    389.0930;  240396.0;
1119;27;         NaN;         NaN;  505843.0;
1120;27;         NaN;         NaN;  511167.0;
1121;27;         NaN;         NaN;  464753.0;
1122;27;         NaN;         NaN;  449343.0;
1123;27;         NaN;         NaN;  501337.0;
1124;27;   5793.0900;    392.1800;   63085.0;
1125;27;         NaN;         NaN;  488633.0;
1126;27;         NaN;         NaN;  568675.0;
1127;27;         NaN;         NaN;  552745.0;
1128;27;         NaN;         NaN;  425593.0;
1129;27;   5627.4900;    341.5500;   27989.0;
1130;27;         NaN;         NaN;  660653.0;
1131;27;   5849.2100;    409.7830;   71475.0;
1132;27;         NaN;         NaN;  498111.0;
1133;27;         NaN;         NaN;  667349.0;
1134;27;         NaN;         NaN;  523869.0;
1135;27;   5566.7800;    397.6400;  341483.0;
1136;27;   5834.9000;    425.6270;  265223.0;
1137;27;         NaN;         NaN;  481783.0;
1138;27;         NaN;         NaN;  470457.0;
1139;27;   5190.2300;    371.3240;  130269.0;
1140;27;   5702.3200;    434.7930;   81639.0;
1141;27;   5693.0000;    435.1850;   45621.0;
1142;27;         NaN;         NaN;  582385.0;
1143;27;   4838.3600;    428.7810;     263.0;
1144;27;         NaN;         NaN;  548511.0;
1145;27;         NaN;         NaN;  509217.0;
1146;27;         NaN;         NaN;  445943.0;
1147;27;         NaN;         NaN;  538525.0;
1148;27;         NaN;         NaN;  562383.0;
1149;27;         NaN;         NaN;  447409.0;
1150;27;   4338.1000;    352.0710;   86677.0;
1151;27;         NaN;         NaN;  486485.0;
1152;27;         NaN;         NaN;  419241.0;
1153;27;         NaN;         NaN;  518189.0;
1154;27;         NaN;         NaN;  484315.0;
1155;27;         NaN;         NaN;  508399.0;
1156;27;         NaN;         NaN;  574943.0;
1157;27;         NaN;         NaN;  523199.0;
1158;27;         NaN;         NaN;  489957.0;
1159;27;   5557.4300;    476.9520;   12073.0;
1160;27;         NaN;         NaN;  523463.0;
1161;27;         NaN;         NaN;  488349.0;
1162;28;         NaN;         NaN;  595480.0;
1163;28;   5936.2300;    370.9850;   90012.0;
1164;28;         NaN;         NaN;  463562.0;
1165;28;         NaN;         NaN;  441852.0;
1166;28;   5659.6700;    378.7200;   15752.0;
1167;28;         NaN;         NaN;  502530.0;
1168;28;         NaN;         NaN;  546420.0;
1169;28;         NaN;         NaN;  476680.0;
1170;28;         NaN;         NaN;  558168.0;
1171;28;         NaN;         NaN;  562874.0;
1172;28;   5477.9600;    413.6790;  420348.0;
1173;28;   5377.3700;    401.0860;  295738.0;
1174;28;         NaN;         NaN;  521438.0;
1175;28;         NaN;         NaN;  378442.0;
1176;28;         NaN;         NaN;  507502.0;
1177;28;         NaN;         NaN;  536958.0;
1178;28;         NaN;         NaN;  514438.0;
1179;28;         NaN;         NaN;  539152.0;
1180;28;         NaN;         NaN;  403372.0;
1181;28;   5427.5600;    357.8260;  411018.0;
1182;28;         NaN;         NaN;  528884.0;
1183;28;         NaN;         NaN;  497480.0;
1184;28;         NaN;         NaN;  499262.0;
1185;28;         NaN;         NaN;  569252.0;
1186;28;         NaN;         NaN;  506968.0;
1187;28;         NaN;         NaN;  546222.0;
1188;28;         NaN;         NaN;  493556.0;
1189;28;         NaN;         NaN;  449374.0;
1190;28;         NaN;         NaN;  416438.0;
1191;28;         NaN;         NaN;  452166.0;
1192;28;         NaN;         NaN;  517488.0;
1193;28;         NaN;         NaN;  501102.0;
1194;28;         NaN;         NaN;  541628.0;
1195;28;         NaN;         NaN;  487484.0;
1196;28;         NaN;         NaN;  531742.0;
1197;28;         NaN;         NaN;  525130.0;
1198;28;         NaN;         NaN;  439380.0;
1199;28;         NaN;         NaN;  523804.0;
1200;28;         NaN;         NaN;  491186.0;
1201;28;         NaN;         NaN;  545336.0;
1202;28;   5931.9700;    468.8280;  223230.0;
1203;28;         NaN;         NaN;  493724.0;
1204;28;   6470.1800;    372.0190;   90850.0;
1205;29;         NaN;         NaN;  497179.0;
1206;29;         NaN;         NaN;  498775.0;
1207;29;         NaN;         NaN;  531779.0;
1208;29;         NaN;         NaN;  514357.0;
1209;29;         NaN;         NaN;  486071.0;
1210;29;         NaN;         NaN;  482987.0;
1211;29;         NaN;         NaN;  580289.0;
1212;29;         NaN;         NaN;  424743.0;
1213;29;         NaN;         NaN;  532863.0;
1214;29;         NaN;         NaN;  462831.0;
1215;29;   5648.2200;    466.5910;    5881.0;
1216;29;   6887.5100;    437.4830;  119125.0;
1217;29;         NaN;         NaN;  462457.0;
1218;29;   7088.0900;    449.3670;    6011.0;
1219;29;   6098.6300;    401.6960;  204263.0;
1220;29;         NaN;         NaN;  419655.0;
1221;29;         NaN;         NaN;  518319.0;
1222;29;         NaN;         NaN;  501151.0;
1223;29;         NaN;         NaN;  430411.0;
1224;29;         NaN;         NaN;  485287.0;
1225;29;         NaN;         NaN;  526777.0;
1226;29;         NaN;         NaN;  533513.0;
1227;29;         NaN;         NaN;  470345.0;
1228;29;         NaN;         NaN;  609259.0;
1229;29;         NaN;         NaN;  450499.0;
1230;29;         NaN;         NaN;  496961.0;
1231;29;         NaN;         NaN;  486975.0;
1232;29;         NaN;         NaN;  516311.0;
1233;29;         NaN;         NaN;  424127.0;
1234;29;         NaN;         NaN;  444623.0;
1235;29;         NaN;         NaN;  561727.0;
1236;29;         NaN;         NaN;  486823.0;
1237;29;         NaN;         NaN;  504171.0;
1238;29;         NaN;         NaN;  466043.0;
1239;29;         NaN;         NaN;  506471.0;
1240;29;         NaN;         NaN;  557543.0;
1241;29;         NaN;         NaN;  523705.0;
1242;29;   6461.8900;    379.9010;  233119.0;
1243;29;         NaN;         NaN;  477957.0;
1244;29;         NaN;         NaN;  476551.0;
1245;29;         NaN;         NaN;  443631.0;
1246;29;   5925.6500;    396.2360;  231091.0;
1247;29;         NaN;         NaN;  492545.0;
1248;30;         NaN;         NaN;  578130.0;
1249;30;         NaN;         NaN;  561850.0;
1250;30;         NaN;         NaN;  494040.0;
1251;30;         NaN;         NaN;  493916.0;
1252;30;         NaN;         NaN;  484666.0;
1253;30;         NaN;         NaN;  518594.0;
1254;30;         NaN;         NaN;  527748.0;
1255;30;         NaN;         NaN;  399840.0;
1256;30;         NaN;         NaN;  493386.0;
1257;30;         NaN;         NaN;  399852.0;
1258;30;         NaN;         NaN;  492698.0;
1259;30;         NaN;         NaN;  518962.0;
1260;30;         NaN;         NaN;  546002.0;
1261;30;         NaN;         NaN;  442394.0;
1262;30;         NaN;         NaN;  483738.0;
1263;30;         NaN;         NaN;  474548.0;
1264;30;         NaN;         NaN;  559098.0;
1265;30;         NaN;         NaN;  493658.0;
1266;30;         NaN;         NaN;  556440.0;
1267;30;         NaN;         NaN;  478638.0;
1268;30;         NaN;         NaN;  541282.0;
1269;30;         NaN;         NaN;  530004.0;
1270;30;   5931.5200;    401.0850;    6982.0;
1271;30;         NaN;         NaN;  500898.0;
1272;30;         NaN;         NaN;  417552.0;
1273;30;         NaN;         NaN;  444680.0;
1274;30;   6378.7100;    416.9070;  111076.0;
1275;30;         NaN;         NaN;  462598.0;
1276;30;         NaN;         NaN;  496620.0;
1277;30;         NaN;         NaN;  529616.0;
1278;30;         NaN;         NaN;  476152.0;
1279;30;         NaN;         NaN;  347810.0;
1280;30;         NaN;         NaN;  512746.0;
1281;30;         NaN;         NaN;  524406.0;
1282;30;         NaN;         NaN;  541636.0;
1283;30;         NaN;         NaN;  625228.0;
1284;30;         NaN;         NaN;  511304.0;
1285;30;         NaN;         NaN;  538404.0;
1286;30;         NaN;         NaN;  525870.0;
1287;30;         NaN;         NaN;  442168.0;
1288;30;         NaN;         NaN;  488058.0;
1289;30;         NaN;         NaN;  484930.0;
1290;30;         NaN;         NaN;  472176.0;
1291;31;         NaN;         NaN;  458561.0;
1292;31;         NaN;         NaN;  480807.0;
1293;31;         NaN;         NaN;  476161.0;
1294;31;         NaN;         NaN;  502337.0;
1295;31;         NaN;         NaN;  487069.0;
1296;31;         NaN;         NaN;  443917.0;
1297;31;         NaN;         NaN;  519867.0;
1298;31;         NaN;         NaN;  496925.0;
1299;31;         NaN;         NaN;  524115.0;
1300;31;         NaN;         NaN;  526329.0;
1301;31;         NaN;         NaN;  425973.0;
1302;31;         NaN;         NaN;  445755.0;
1303;31;         NaN;         NaN;  472277.0;
1304;31;         NaN;         NaN;  435533.0;
1305;31;         NaN;         NaN;  427277.0;
1306;31;         NaN;         NaN;  462037.0;
1307;31;         NaN;         NaN;  507191.0;
1308;31;         NaN;         NaN;  496275.0;
1309;31;         NaN;         NaN;  513141.0;
1310;31;         NaN;         NaN;  470481.0;
1311;31;         NaN;         NaN;  554265.0;
1312;31;         NaN;         NaN;  484153.0;
1313;31;         NaN;         NaN;  499327.0;
1314;31;         NaN;         NaN;  481185.0;
1315;31;         NaN;         NaN;  471333.0;
1316;31;         NaN;         NaN;  549531.0;
1317;31;         NaN;         NaN;  451027.0;
1318;31;         NaN;         NaN;  480191.0;
1319;31;         NaN;         NaN;  527213.0;
1320;31;         NaN;         NaN;  487963.0;
1321;31;         NaN;         NaN;  504615.0;
1322;31;         NaN;         NaN;  421239.0;
1323;31;         NaN;         NaN;  577159.0;
1324;31;         NaN;         NaN;  429463.0;
1325;31;         NaN;         NaN;  471915.0;
1326;31;         NaN;         NaN;  510181.0;
1327;31;         NaN;         NaN;  483655.0;
1328;31;         NaN;         NaN;  453139.0;
1329;31;         NaN;         NaN;  525137.0;
1330;31;         NaN;         NaN;  465453.0;
1331;31;         NaN;         NaN;  481757.0;
1332;31;         NaN;         NaN;  489109.0;
1333;31;         NaN;         NaN;  473733.0;
1334;32;         NaN;         NaN;  479928.0;
1335;32;         NaN;         NaN;  421414.0;
1336;32;         NaN;         NaN;  502878.0;
1337;32;         NaN;         NaN;  462950.0;
1338;32;         NaN;         NaN;  437016.0;
1339;32;         NaN;         NaN;  404430.0;
1340;32;         NaN;         NaN;  482876.0;
1341;32;         NaN;         NaN;  383994.0;
1342;32;         NaN;         NaN;  486104.0;
1343;32;         NaN;         NaN;  472324.0;
1344;32;         NaN;         NaN;  493528.0;
1345;32;         NaN;         NaN;  436854.0;
1346;32;         NaN;         NaN;  367452.0;
1347;32;         NaN;         NaN;  382702.0;
1348;32;         NaN;         NaN;  325030.0;
1349;32;         NaN;         NaN;  344156.0;
1350;32;         NaN;         NaN;  368710.0;
1351;32;         NaN;         NaN;  352090.0;
1352;32;         NaN;         NaN;  343710.0;
1353;32;         NaN;         NaN;  337128.0;
1354;32;         NaN;         NaN;  314126.0;
1355;32;         NaN;         NaN;  376714.0;
1356;32;         NaN;         NaN;  353472.0;
1357;32;         NaN;         NaN;  485590.0;
1358;32;         NaN;         NaN;  363198.0;
1359;32;         NaN;         NaN;  353010.0;
1360;32;         NaN;         NaN;  506128.0;
1361;32;   6623.1700;    445.7110;  285688.0;
1362;32;         NaN;         NaN;  348496.0;
1363;32;         NaN;         NaN;  337494.0;
1364;32;         NaN;         NaN;  369644.0;
1365;32;         NaN;         NaN;  411884.0;
1366;32;         NaN;         NaN;  305398.0;
1367;32;         NaN;         NaN;  304712.0;
1368;32;         NaN;         NaN;  347176.0;
1369;32;         NaN;         NaN;  372166.0;
1370;32;         NaN;         NaN;  386070.0;
1371;32;         NaN;         NaN;  340014.0;
1372;32;         NaN;         NaN;  383124.0;
1373;32;         NaN;         NaN;  321914.0;
1374;32;         NaN;         NaN;  403504.0;
1375;32;         NaN;         NaN;  415094.0;
1376;32;         NaN;         NaN;  521272.0;
1377;33;         NaN;         NaN;  573851.0;
1378;33;         NaN;         NaN;  493847.0;
1379;33;         NaN;         NaN;  457975.0;
1380;33;         NaN;         NaN;  465499.0;
1381;33;         NaN;         NaN;  481357.0;
1382;33;         NaN;         NaN;  543033.0;
1383;33;         NaN;         NaN;  469721.0;
1384;33;         NaN;         NaN;  446481.0;
1385;33;         NaN;         NaN;  448431.0;
1386;33;         NaN;         NaN;  501757.0;
1387;33;         NaN;         NaN;  445541.0;
1388;33;         NaN;         NaN;  509205.0;
1389;33;         NaN;         NaN;  494529.0;
1390;33;         NaN;         NaN;  492541.0;
1391;33;         NaN;         NaN;  433953.0;
1392;33;         NaN;         NaN;  468277.0;
1393;33;         NaN;         NaN;  476155.0;
1394;33;         NaN;         NaN;  509469.0;
1395;33;         NaN;         NaN;  486801.0;
1396;33;         NaN;         NaN;  495361.0;
1397;33;         NaN;         NaN;  515023.0;
1398;33;         NaN;         NaN;  478471.0;
1399;33;         NaN;         NaN;  468977.0;
1400;33;         NaN;         NaN;  417313.0;
1401;33;         NaN;         NaN;  537851.0;
1402;33;         NaN;         NaN;  534503.0;
1403;33;         NaN;         NaN;  491319.0;
1404;33;         NaN;         NaN;  464741.0;
1405;33;         NaN;         NaN;  462373.0;
1406;33;         NaN;         NaN;  514105.0;
1407;33;         NaN;         NaN;  591827.0;
1408;33;         NaN;         NaN;  512769.0;
1409;33;         NaN;         NaN;  527075.0;
1410;33;         NaN;         NaN;  505893.0;
1411;33;         NaN;         NaN;  524337.0;
1412;33;         NaN;         NaN;  500109.0;
1413;33;         NaN;         NaN;  530993.0;
1414;33;         NaN;         NaN;  451121.0;
1415;33;         NaN;         NaN;  492123.0;
1416;33;         NaN;         NaN;  485967.0;
1417;33;         NaN;         NaN;  430829.0;
1418;33;         NaN;         NaN;  455789.0;
1419;33;         NaN;         NaN;  448847.0;
1420;34;         NaN;         NaN;  457632.0;
1421;34;         NaN;         NaN;  459906.0;
1422;34;         NaN;         NaN;  466050.0;
1423;34;         NaN;         NaN;  522804.0;
1424;34;         NaN;         NaN;  464372.0;
1425;34;         NaN;         NaN;  486916.0;
1426;34;         NaN;         NaN;  421546.0;
1427;34;         NaN;         NaN;  493020.0;
1428;34;         NaN;         NaN;  476342.0;
1429;34;         NaN;         NaN;  474012.0;
1430;34;         NaN;         NaN;  444124.0;
1431;34;         NaN;         NaN;  512012.0;
1432;34;         NaN;         NaN;  487362.0;
1433;34;         NaN;         NaN;  527284.0;
1434;34;         NaN;         NaN;  468274.0;
1435;34;         NaN;         NaN;  479166.0;
1436;34;         NaN;         NaN;  353166.0;
1437;34;         NaN;         NaN;  524768.0;
1438;34;         NaN;         NaN;  550526.0;
1439;34;         NaN;         NaN;  451428.0;
1440;34;         NaN;         NaN;  512334.0;
1441;34;         NaN;         NaN;  504374.0;
1442;34;         NaN;         NaN;  503514.0;
1443;34;         NaN;         NaN;  520382.0;
1444;34;         NaN;         NaN;  569024.0;
1445;34;         NaN;         NaN;  503276.0;
1446;34;         NaN;         NaN;  476548.0;
1447;34;         NaN;         NaN;  441858.0;
1448;34;         NaN;         NaN;  487420.0;
1449;34;         NaN;         NaN;  518248.0;
1450;34;         NaN;         NaN;  519302.0;
1451;34;         NaN;         NaN;  527960.0;
1452;34;         NaN;         NaN;  491136.0;
1453;34;         NaN;         NaN;  560588.0;
1454;34;         NaN;         NaN;  546100.0;
1455;34;         NaN;         NaN;  570930.0;
1456;34;         NaN;         NaN;  442420.0;
1457;34;   7007.6200;    448.3090;  477416.0;
1458;34;         NaN;         NaN;  397192.0;
1459;34;         NaN;         NaN;  514310.0;
1460;34;         NaN;         NaN;  540080.0;
1461;34;         NaN;         NaN;  546746.0;
1462;34;         NaN;         NaN;  505364.0;
1463;35;         NaN;         NaN;  465347.0;
1464;35;         NaN;         NaN;  488313.0;
1465;35;         NaN;         NaN;  498835.0;
1466;35;         NaN;         NaN;  447183.0;
1467;35;         NaN;         NaN;  438761.0;
1468;35;         NaN;         NaN;  403983.0;
1469;35;         NaN;         NaN;  451149.0;
1470;35;         NaN;         NaN;  485675.0;
1471;35;         NaN;         NaN;  524715.0;
1472;35;         NaN;         NaN;  509329.0;
1473;35;         NaN;         NaN;  491407.0;
1474;35;         NaN;         NaN;  534277.0;
1475;35;         NaN;         NaN;  458941.0;
1476;35;         NaN;         NaN;  482469.0;
1477;35;         NaN;         NaN;  461427.0;
1478;35;         NaN;         NaN;  442907.0;
1479;35;         NaN;         NaN;  431095.0;
1480;35;         NaN;         NaN;  533643.0;
1481;35;         NaN;         NaN;  474779.0;
1482;35;         NaN;         NaN;  383553.0;
1483;35;         NaN;         NaN;  461375.0;
1484;35;         NaN;         NaN;  518267.0;
1485;35;         NaN;         NaN;  563595.0;
1486;35;         NaN;         NaN;  480679.0;
1487;35;         NaN;         NaN;  465435.0;
1488;35;         NaN;         NaN;  533717.0;
1489;35;         NaN;         NaN;  485043.0;
1490;35;         NaN;         NaN;  446801.0;
1491;35;         NaN;         NaN;  547909.0;
1492;35;         NaN;         NaN;  593649.0;
1493;35;         NaN;         NaN;  519387.0;
1494;35;         NaN;         NaN;  449319.0;
1495;35;         NaN;         NaN;  450149.0;
1496;35;         NaN;         NaN;  519847.0;
1497;35;         NaN;         NaN;  536963.0;
1498;35;         NaN;         NaN;  464339.0;
1499;35;         NaN;         NaN;  486205.0;
1500;35;         NaN;         NaN;  441771.0;
1501;35;         NaN;         NaN;  550569.0;
1502;35;   7389.6100;    459.1620;  398847.0;
1503;35;         NaN;         NaN;  472469.0;
1504;35;         NaN;         NaN;  461867.0;
1505;35;   7174.3100;    400.3490;  224751.0;
