1;1;     65.2574;     65.2574;       1.0;
2;1;    118.3861;    118.3861;       1.0;
3;1;     72.6930;     72.6930;       1.0;
4;1;     73.1287;     73.1287;       1.0;
5;1;     17.1287;     17.1287;       1.0;
6;1;     26.1287;     26.1287;       1.0;
7;1;     30.2574;     30.2574;       1.0;
8;1;     76.6930;     76.6930;       1.0;
9;1;     72.2574;     72.2574;       1.0;
10;1;     94.2574;     94.2574;       1.0;
11;1;     63.8217;     63.8217;       1.0;
12;1;     63.8217;     63.8217;       1.0;
13;1;     66.8217;     66.8217;       1.0;
14;1;     93.3861;     93.3861;       1.0;
15;1;     94.3861;     94.3861;       1.0;
16;1;     75.6930;     75.6930;       1.0;
17;1;     70.1287;     70.1287;       1.0;
18;1;      2.0000;      2.0000;       1.0;
19;1;     14.6930;     14.6930;       1.0;
20;1;     96.8217;     96.8217;       1.0;
21;1;     46.1287;     46.1287;       1.0;
22;1;     98.6930;     98.6930;       1.0;
23;1;     55.1287;     55.1287;       1.0;
24;1;     57.2574;     57.2574;       1.0;
25;1;     67.8217;     67.8217;       1.0;
26;1;     74.6930;     74.6930;       1.0;
27;1;     13.5643;     13.5643;       1.0;
28;1;     96.8217;     96.8217;       1.0;
29;1;     25.6930;     25.6930;       1.0;
30;1;     73.6930;     73.6930;       1.0;
31;1;     32.1287;     32.1287;       1.0;
32;1;     36.6930;     36.6930;       1.0;
33;1;     78.1287;     78.1287;       1.0;
34;2;    151.0791;     87.3861;       2.0;
35;2;    160.5148;    116.3861;       2.0;
36;2;    138.3861;     88.6930;       2.0;
37;2;     47.6930;     38.1287;       2.0;
38;2;    135.9504;     84.2574;       2.0;
39;2;     65.3861;     39.1287;       2.0;
40;2;    161.0791;     89.3861;       2.0;
41;2;    144.0791;     80.3861;       2.0;
42;2;     68.1287;     66.1287;       2.0;
43;2;    113.5148;     57.8217;       2.0;
44;2;    154.6435;    109.9504;       2.0;
45;2;    150.0791;    113.3861;       2.0;
46;2;    102.9504;     58.8217;       2.0;
47;2;    111.0791;     59.2574;       2.0;
48;2;     92.8217;     54.6930;       2.0;
49;2;    158.0791;    104.3861;       2.0;
50;2;     91.8217;     74.6930;       2.0;
51;2;     72.6930;     47.1287;       2.0;
52;2;     88.8217;     52.1287;       2.0;
53;2;    281.3365;    145.9504;       2.0;
54;2;    128.5148;     78.8217;       2.0;
55;2;    143.9504;     73.2574;       2.0;
56;2;    206.2078;    103.8217;       2.0;
57;2;     90.2574;     58.1287;       2.0;
58;2;    177.0791;    104.2574;       2.0;
59;2;    179.0791;    109.3861;       2.0;
60;2;    135.5148;    106.3861;       2.0;
61;2;    150.6435;     98.3861;       2.0;
62;2;    164.5148;     92.3861;       2.0;
63;2;    120.0791;     77.8217;       2.0;
64;2;    167.0791;    124.9504;       2.0;
65;2;    123.9504;     62.6930;       2.0;
66;2;    203.0791;    116.8217;       2.0;
67;3;    170.6435;     74.8217;       3.0;
68;3;    145.0791;     65.2574;       3.0;
69;3;    179.2078;     81.2574;       3.0;
70;3;    198.2078;     99.8217;       3.0;
71;3;    180.5148;     81.6930;       3.0;
72;3;    112.2078;     75.8217;       3.0;
73;3;    271.2078;    101.2574;       3.0;
74;3;    183.2078;    108.3861;       3.0;
75;3;    176.7721;     84.3861;       3.0;
76;3;    254.3365;     95.2574;       3.0;
77;3;    228.3365;     98.2574;       3.0;
78;3;    296.9008;    123.8217;       3.0;
79;3;    148.6435;     67.2574;       3.0;
80;3;     87.9504;     42.2574;       3.0;
81;3;    243.9008;    107.2574;       3.0;
82;3;    191.6435;     69.1287;       3.0;
83;3;    249.9008;     93.2574;       3.0;
84;3;    226.9008;     93.3861;       3.0;
85;3;    193.2078;     96.8217;       3.0;
86;3;    284.4652;    137.3861;       3.0;
87;3;    228.7722;    117.3861;       3.0;
88;3;    220.7722;     98.3861;       3.0;
89;3;    250.3365;    158.9504;       3.0;
90;3;    161.6435;     57.8217;       3.0;
91;3;    136.5148;     70.6930;       3.0;
92;3;    216.6434;     90.2574;       3.0;
93;3;    127.6435;     60.8217;       3.0;
94;3;    249.0295;    158.9504;       3.0;
95;3;    188.0791;     67.6930;       3.0;
96;3;    191.2078;     94.3861;       3.0;
97;3;    151.9504;     98.2574;       3.0;
98;3;    202.2078;     86.8217;       3.0;
99;3;    161.6435;     77.2574;       3.0;
100;4;    321.1582;    102.3861;       4.0;
101;4;    174.7721;     81.8217;       4.0;
102;4;    453.8512;    130.9504;       4.0;
103;4;    268.4652;    124.3861;       4.0;
104;4;    280.1582;     78.8217;       4.0;
105;4;    232.6434;    100.6930;       4.0;
106;4;    248.2078;     75.1287;       4.0;
107;4;    225.7721;     98.8217;       4.0;
108;4;    341.7226;    110.8217;       4.0;
109;4;    239.0295;     75.8217;       4.0;
110;4;    278.7226;    104.3861;       4.0;
111;4;    225.9008;     87.8217;       4.0;
112;4;    237.2078;    104.2574;       4.0;
113;4;    139.6435;     63.8217;       4.0;
114;4;    267.4652;    110.3861;       4.0;
115;4;    329.1583;     88.8217;       4.0;
116;4;    196.3365;     65.1287;       4.0;
117;4;    279.7721;     83.6930;       4.0;
118;4;    231.3365;     75.6930;       4.0;
119;4;    338.0295;    131.9504;       4.0;
120;4;    305.0295;    142.8217;       4.0;
121;4;    313.0295;    139.3861;       4.0;
122;4;    320.0295;    107.2574;       4.0;
123;4;    237.7722;     86.6930;       4.0;
124;4;    315.0295;     99.8217;       4.0;
125;4;    275.3365;     91.6930;       4.0;
126;4;    205.9008;     65.6930;       4.0;
127;4;    207.6434;     87.2574;       4.0;
128;4;    278.3365;    117.8217;       4.0;
129;4;    307.4652;    122.8217;       4.0;
130;4;     86.8217;     32.5643;       4.0;
131;4;    189.6435;     74.6930;       4.0;
132;4;    249.7722;     94.8217;       4.0;
133;5;    446.8513;    141.9504;       5.0;
134;5;    442.9799;    146.9504;       5.0;
135;5;    240.9008;     78.2574;       5.0;
136;5;    425.2869;    123.3861;       5.0;
137;5;    351.7226;    115.8217;       5.0;
138;5;    301.7226;     79.2574;       5.0;
139;5;    308.5939;     93.3861;       5.0;
140;5;    472.4156;    137.3861;       5.0;
141;5;    399.7226;    152.3861;       5.0;
142;5;    322.7226;    125.3861;       5.0;
143;5;    247.4652;     77.6930;       5.0;
144;5;    472.9799;    166.5148;       5.0;
145;5;    390.5939;     95.8217;       5.0;
146;5;    325.1582;     99.2574;       5.0;
147;5;    244.0295;     84.8217;       5.0;
148;5;    334.2869;    117.8217;       5.0;
149;5;    292.2869;     71.8217;       5.0;
150;5;    418.2869;    119.3861;       5.0;
151;5;    379.7226;     99.2574;       5.0;
152;5;    313.0295;     82.6930;       5.0;
153;5;    279.9008;     76.2574;       5.0;
154;5;    270.5939;     99.2574;       5.0;
155;5;    391.7226;     98.2574;       5.0;
156;5;    201.3365;     59.8217;       5.0;
157;5;    529.8017;    157.9504;       5.0;
158;5;    297.5939;     90.2574;       5.0;
159;5;    508.5443;    183.9504;       5.0;
160;5;    398.2869;    125.3861;       5.0;
161;5;    358.8513;    112.3861;       5.0;
162;5;    265.4652;    132.3861;       5.0;
163;5;    273.0295;     85.2574;       5.0;
164;5;    467.9799;    110.3861;       5.0;
165;5;    351.9008;     89.2574;       5.0;
166;6;    382.2869;     88.2574;       6.0;
167;6;    468.9799;    137.3861;       6.0;
168;6;    417.1086;    104.3861;       6.0;
169;6;    409.1086;     95.2574;       6.0;
170;6;    532.9800;    160.3861;       6.0;
171;6;    539.1086;    128.3861;       6.0;
172;6;    452.5443;    122.3861;       6.0;
173;6;    462.1086;    130.9504;       6.0;
174;6;    317.1582;    125.3861;       6.0;
175;6;    338.2869;    101.2574;       6.0;
176;6;    243.5939;     85.2574;       6.0;
177;6;    491.9799;    124.3861;       6.0;
178;6;    312.9009;    128.2574;       6.0;
179;6;    363.8513;    141.3861;       6.0;
180;6;    508.2373;    117.3861;       6.0;
181;6;    456.9800;    136.9504;       6.0;
182;6;    525.8017;    145.9504;       6.0;
183;6;    517.9304;    141.9504;       6.0;
184;6;    442.6730;    111.8217;       6.0;
185;6;    220.1582;     52.2574;       6.0;
186;6;    369.4156;    105.2574;       6.0;
187;6;    478.9800;     91.2574;       6.0;
188;6;    389.8512;    110.2574;       6.0;
189;6;    517.1087;    115.3861;       6.0;
190;6;    408.1086;    109.8217;       6.0;
191;6;    266.2869;    106.8217;       6.0;
192;6;    543.6730;    128.8217;       6.0;
193;6;    418.5443;    111.3861;       6.0;
194;6;    501.9304;    118.9504;       6.0;
195;6;    360.8513;    131.9504;       6.0;
196;6;    401.9799;     94.2574;       6.0;
197;6;    318.5939;     81.6930;       6.0;
198;6;    440.2869;    125.3861;       6.0;
199;7;    518.9304;    115.8217;       7.0;
200;7;    327.2869;     94.8217;       7.0;
201;7;    350.8513;     94.2574;       7.0;
202;7;    484.2373;     99.3861;       7.0;
203;7;    604.0591;    135.9504;       7.0;
204;7;    352.2869;    100.2574;       7.0;
205;7;    492.2373;    139.3861;       7.0;
206;7;    512.8017;    114.3861;       7.0;
207;7;    557.2373;    148.3861;       7.0;
208;7;    342.0295;     74.1287;       7.0;
209;7;    506.5443;    123.9504;       7.0;
210;7;    370.7226;     89.2574;       7.0;
211;7;    414.6730;    109.8217;       7.0;
212;7;    438.5443;    101.2574;       7.0;
213;7;    395.8512;    106.6930;       7.0;
214;7;    439.7226;    111.8217;       7.0;
215;7;    538.6234;    117.3861;       7.0;
216;7;    613.2374;    148.3861;       7.0;
217;7;    549.6730;    141.3861;       7.0;
218;7;    459.5443;    161.9504;       7.0;
219;7;    536.9304;    121.9504;       7.0;
220;7;    470.9799;    138.3861;       7.0;
221;7;    506.1086;    158.9504;       7.0;
222;7;    497.1086;     97.8217;       7.0;
223;7;    441.3660;     98.3861;       7.0;
224;7;    404.9799;     92.6930;       7.0;
225;7;    590.3660;    129.3861;       7.0;
226;7;    523.9304;    124.9504;       7.0;
227;7;    601.2373;    131.3861;       7.0;
228;7;    486.1086;    115.3861;       7.0;
229;7;    492.1087;     97.2574;       7.0;
230;7;    413.5443;    106.3861;       7.0;
231;7;    593.9304;    127.9504;       7.0;
232;8;    381.3660;     68.8217;       8.0;
233;8;    559.8017;    101.2574;       8.0;
234;8;    534.6234;     92.3861;       8.0;
235;8;    554.7521;    118.9504;       8.0;
236;8;    518.3660;    117.3861;       8.0;
237;8;    583.6234;    120.3861;       8.0;
238;8;    465.1086;     81.6930;       8.0;
239;8;    555.4947;     95.2574;       8.0;
240;8;    385.1086;     79.2574;       8.0;
241;8;    433.9799;    115.2574;       8.0;
242;8;    671.7521;    153.3861;       8.0;
243;8;    619.6234;    158.9504;       8.0;
244;8;    652.0095;    111.3861;       8.0;
245;8;    537.1877;    100.3861;       8.0;
246;8;    459.8017;     87.3861;       8.0;
247;8;    676.1878;    116.2574;       8.0;
248;8;    421.9800;    105.8217;       8.0;
249;8;    408.4156;     88.2574;       8.0;
250;8;    428.1086;     87.2574;       8.0;
251;8;    504.1086;     87.2574;       8.0;
252;8;    585.9304;    122.3861;       8.0;
253;8;    399.5443;    115.3861;       8.0;
254;8;    566.9304;    124.9504;       8.0;
255;8;    467.8017;     88.3861;       8.0;
256;8;    362.1086;     97.2574;       8.0;
257;8;    510.8017;    123.8217;       8.0;
258;8;    483.9800;     98.6930;       8.0;
259;8;    445.9799;    110.3861;       8.0;
260;8;    674.9304;    137.3861;       8.0;
261;8;    532.8017;    113.3861;       8.0;
262;8;    613.0590;    120.3861;       8.0;
263;8;    517.2374;    105.3861;       8.0;
264;8;    500.6730;    116.2574;       8.0;
265;9;    614.7521;    108.8217;       9.0;
266;9;    624.7521;    117.3861;       9.0;
267;9;    594.6234;    130.9504;       9.0;
268;9;    491.8017;    115.3861;       9.0;
269;9;    497.6234;    106.8217;       9.0;
270;9;    574.9304;    118.9504;       9.0;
271;9;    639.0591;    117.2574;       9.0;
272;9;    729.4451;    127.3861;       9.0;
273;9;    618.3660;    135.3861;       9.0;
274;9;    467.1086;     94.2574;       9.0;
275;9;    561.4947;    102.3861;       9.0;
276;9;    569.7521;     87.3861;       9.0;
277;9;    642.7521;    134.8217;       9.0;
278;9;    617.2373;    109.2574;       9.0;
279;9;    488.2373;    118.2574;       9.0;
280;9;    628.8808;    131.8217;       9.0;
281;9;    661.9304;    153.3861;       9.0;
282;9;    555.8017;    105.2574;       9.0;
283;9;    751.1878;    111.2574;       9.0;
284;9;    452.2373;    108.2574;       9.0;
285;9;    777.4451;    145.9504;       9.0;
286;9;    550.2373;    110.3861;       9.0;
287;9;    582.0591;     99.8217;       9.0;
288;9;    690.0590;    111.8217;       9.0;
289;9;    605.4947;    125.3861;       9.0;
290;9;    599.1878;    148.9504;       9.0;
291;9;    512.1878;     83.6930;       9.0;
292;9;    425.5443;    107.2574;       9.0;
293;9;    694.3164;    154.9504;       9.0;
294;9;    649.1877;    143.3861;       9.0;
295;9;    618.8808;    111.8217;       9.0;
296;9;    672.7521;    134.9504;       9.0;
297;9;    663.4947;    107.8217;       9.0;
298;10;    697.5738;    148.9504;      10.0;
299;10;    624.1877;    114.3861;      10.0;
300;10;    658.5738;    111.9504;      10.0;
301;10;    525.4947;    111.9504;      10.0;
302;10;    847.7025;    179.9504;      10.0;
303;10;    736.7025;    106.3861;      10.0;
304;10;    721.6234;    115.2574;      10.0;
305;10;    576.9304;    105.6930;      10.0;
306;10;    836.3955;    166.5148;      10.0;
307;10;    517.7521;    153.3861;      10.0;
308;10;    681.4451;    123.9504;      10.0;
309;10;    732.7025;    130.3861;      10.0;
310;10;    767.0095;    117.3861;      10.0;
311;10;    647.7521;    110.2574;      10.0;
312;10;    504.3164;     82.8217;      10.0;
313;10;    568.0591;    104.8217;      10.0;
314;10;    669.7521;    110.3861;      10.0;
315;10;    713.5738;    103.2574;      10.0;
316;10;    463.6730;     85.2574;      10.0;
317;10;    518.6730;     89.2574;      10.0;
318;10;    899.9599;    151.3861;      10.0;
319;10;    717.7025;    156.5148;      10.0;
320;10;    875.8312;    116.2574;      10.0;
321;10;    657.3164;    123.3861;      10.0;
322;10;    662.3165;    103.2574;      10.0;
323;10;    638.3660;    105.2574;      10.0;
324;10;    681.8808;    125.3861;      10.0;
325;10;    579.6234;    113.2574;      10.0;
326;10;    703.3165;    122.8217;      10.0;
327;10;    705.4452;    133.8217;      10.0;
328;10;    583.7521;    123.9504;      10.0;
329;10;    686.4451;    118.3861;      10.0;
330;10;    733.2669;    110.3861;      10.0;
331;11;    779.5738;    167.9504;      11.0;
332;11;    627.1878;    141.3861;      11.0;
333;11;    834.2669;    136.9504;      11.0;
334;11;    678.4451;    130.9504;      11.0;
335;11;    816.9599;    136.9504;      11.0;
336;11;    504.9304;     75.2574;      11.0;
337;11;    828.8312;    116.3861;      11.0;
338;11;    783.5738;    141.9504;      11.0;
339;11;    798.5243;    147.9504;      11.0;
340;11;    966.7816;    167.9504;      11.0;
341;11;    675.8808;    112.3861;      11.0;
342;11;    797.9599;    104.3861;      11.0;
343;11;    714.7025;     94.3861;      11.0;
344;11;    614.3164;    125.3861;      11.0;
345;11;    729.0095;    106.2574;      11.0;
346;11;    792.0095;    119.8217;      11.0;
347;11;    581.9303;    109.2574;      11.0;
348;11;    691.5738;    105.2574;      11.0;
349;11;    783.8312;    116.8217;      11.0;
350;11;    935.6529;    123.3861;      11.0;
351;11;    549.3164;    100.8217;      11.0;
352;11;    878.2669;    178.5148;      11.0;
353;11;    725.7521;    115.3861;      11.0;
354;11;    633.1382;    118.9504;      11.0;
355;11;    901.5242;    137.3861;      11.0;
356;11;    611.1877;     94.3861;      11.0;
357;11;    771.8312;    131.9504;      11.0;
358;11;    790.3955;    130.9504;      11.0;
359;11;    727.0095;    146.9504;      11.0;
360;11;    786.7025;    109.8217;      11.0;
361;11;    642.8808;     99.3861;      11.0;
362;11;    637.1878;     96.3861;      11.0;
363;11;    726.5738;    133.9504;      11.0;
364;12;    722.5738;    108.8217;      12.0;
365;12;    710.5738;    130.8217;      12.0;
366;12;    970.3460;    146.8217;      12.0;
367;12;    707.3165;    107.2574;      12.0;
368;12;    814.8312;    105.2574;      12.0;
369;12;    927.7816;    123.9504;      12.0;
370;12;    939.2173;    139.3861;      12.0;
371;12;    851.6530;    145.9504;      12.0;
372;12;    864.6529;    104.2574;      12.0;
373;12;    716.3956;    104.3861;      12.0;
374;12;    939.3460;    132.9504;      12.0;
375;12;    792.7025;     89.2574;      12.0;
376;12;    941.0886;    146.8217;      12.0;
377;12;    822.7025;    116.3861;      12.0;
378;12;    773.7025;    130.3861;      12.0;
379;12;    819.0886;    120.8217;      12.0;
380;12;    803.8312;    107.8217;      12.0;
381;12;    937.2173;    167.9504;      12.0;
382;12;    798.2669;    105.8217;      12.0;
383;12;    940.7816;    120.8217;      12.0;
384;12;    886.4747;    121.9504;      12.0;
385;12;    936.9599;    147.9504;      12.0;
386;12;    916.1382;    123.8217;      12.0;
387;12;    861.7816;    114.3861;      12.0;
388;12;    931.9599;    135.3861;      12.0;
389;12;    894.6529;    168.5148;      12.0;
390;12;    776.6529;     98.3861;      12.0;
391;12;    762.0095;    129.3861;      12.0;
392;12;    727.8312;     98.3861;      12.0;
393;12;    791.9599;    149.3861;      12.0;
394;12;    685.5738;     99.3861;      12.0;
395;12;    704.3955;    112.3861;      12.0;
396;12;    658.5738;    104.2574;      12.0;
397;13;   1168.0390;    139.3861;      13.0;
398;13;    966.2173;    147.9504;      13.0;
399;13;    896.6529;    135.9504;      13.0;
400;13;    762.1382;     94.6930;      13.0;
401;13;    775.2669;    104.2574;      13.0;
402;13;    775.2669;    111.8217;      13.0;
403;13;    836.3956;    121.8217;      13.0;
404;13;    842.0390;    123.3861;      13.0;
405;13;    798.6529;    110.3861;      13.0;
406;13;    709.0095;    117.2574;      13.0;
407;13;    870.9103;    135.9504;      13.0;
408;13;    700.2669;     94.8217;      13.0;
409;13;   1008.4747;    121.3861;      13.0;
410;13;   1028.4746;    141.3861;      13.0;
411;13;    680.0095;    115.6930;      13.0;
412;13;    897.3460;    127.3861;      13.0;
413;13;    730.4451;    105.8217;      13.0;
414;13;   1005.7816;    146.9504;      13.0;
415;13;   1026.9103;    121.8217;      13.0;
416;13;    720.1382;    140.3861;      13.0;
417;13;    842.5242;    145.9504;      13.0;
418;13;   1032.7817;    130.9504;      13.0;
419;13;    894.6529;    141.9504;      13.0;
420;13;    922.6529;    160.9504;      13.0;
421;13;    954.9103;    155.9504;      13.0;
422;13;   1103.6034;    155.9504;      13.0;
423;13;    801.6530;     92.3861;      13.0;
424;13;    961.7816;    125.3861;      13.0;
425;13;    994.7816;    125.9504;      13.0;
426;13;    880.0886;    113.3861;      13.0;
427;13;    899.2668;    121.8217;      13.0;
428;13;   1007.7816;    121.3861;      13.0;
429;13;    823.3955;    146.9504;      13.0;
430;14;    983.5242;    126.3861;      14.0;
431;14;    901.3955;    143.3861;      14.0;
432;14;    809.2669;    129.3861;      14.0;
433;14;    879.6529;    102.2574;      14.0;
434;14;   1075.8607;    134.9504;      14.0;
435;14;   1035.8607;    140.3861;      14.0;
436;14;    959.5243;    110.3861;      14.0;
437;14;    932.4747;    121.3861;      14.0;
438;14;    848.7817;    118.9504;      14.0;
439;14;    824.9599;    103.3861;      14.0;
440;14;    741.4451;    103.6930;      14.0;
441;14;    897.2173;    162.5148;      14.0;
442;14;    951.9103;    114.8217;      14.0;
443;14;    949.2173;     98.3861;      14.0;
444;14;    892.5243;    110.2574;      14.0;
445;14;    981.7816;    110.3861;      14.0;
446;14;   1017.9103;    130.9504;      14.0;
447;14;    904.3956;    123.2574;      14.0;
448;14;    880.2173;    106.2574;      14.0;
449;14;    791.9599;    129.3861;      14.0;
450;14;   1167.4251;    139.9504;      14.0;
451;14;    899.3460;    129.9504;      14.0;
452;14;    691.9599;     76.6930;      14.0;
453;14;    915.3955;    126.2574;      14.0;
454;14;    803.5242;    112.3861;      14.0;
455;14;    869.0886;    103.3861;      14.0;
456;14;    943.0886;    167.9504;      14.0;
457;14;    905.6529;    116.3861;      14.0;
458;14;    962.3460;    131.9504;      14.0;
459;14;    970.9103;    134.8217;      14.0;
460;14;    885.0886;    119.9504;      14.0;
461;14;    796.1382;    105.8217;      14.0;
462;14;    810.3955;    113.8217;      14.0;
463;15;    925.4747;    108.3861;      15.0;
464;15;    984.7816;    100.3861;      15.0;
465;15;   1033.1181;    124.9504;      15.0;
466;15;   1160.7816;    157.9504;      15.0;
467;15;    892.6529;    111.8217;      15.0;
468;15;    897.9599;    109.8217;      15.0;
469;15;    881.7816;    124.9504;      15.0;
470;15;    886.2668;    125.3861;      15.0;
471;15;   1027.9103;    114.3861;      15.0;
472;15;   1026.0390;    141.9504;      15.0;
473;15;   1128.8607;    130.9504;      15.0;
474;15;    982.9103;    152.3861;      15.0;
475;15;    921.3460;    119.2574;      15.0;
476;15;   1043.4251;    130.9504;      15.0;
477;15;    884.6529;    107.2574;      15.0;
478;15;    892.0390;     92.3861;      15.0;
479;15;    963.4747;    106.3861;      15.0;
480;15;   1000.6529;    122.3861;      15.0;
481;15;    768.8312;    117.8217;      15.0;
482;15;    986.5242;    132.8217;      15.0;
483;15;    957.0390;    111.3861;      15.0;
484;15;   1045.0390;    133.3861;      15.0;
485;15;    918.6529;    105.2574;      15.0;
486;15;   1101.7321;    123.3861;      15.0;
487;15;   1143.7320;    145.9504;      15.0;
488;15;   1159.8607;    137.3861;      15.0;
489;15;   1035.4251;    130.9504;      15.0;
490;15;    907.3460;    134.9504;      15.0;
491;15;   1093.6034;    137.9504;      15.0;
492;15;    938.3956;    137.3861;      15.0;
493;15;    973.5243;    117.8217;      15.0;
494;15;   1240.5537;    151.3861;      15.0;
495;15;   1002.7816;    110.2574;      15.0;
496;16;   1296.1181;    118.3861;      16.0;
497;16;    976.3459;    112.3861;      16.0;
498;16;   1092.9103;    118.2574;      16.0;
499;16;   1211.3755;    178.5148;      16.0;
500;16;   1203.1181;    139.3861;      16.0;
501;16;    997.7816;    113.3861;      16.0;
502;16;   1083.1678;    167.9504;      16.0;
503;16;    979.2964;    109.3861;      16.0;
504;16;   1021.4746;    141.3861;      16.0;
505;16;    942.9103;     99.2574;      16.0;
506;16;   1188.2468;    168.9504;      16.0;
507;16;   1210.9895;    148.3861;      16.0;
508;16;   1167.2964;    137.3861;      16.0;
509;16;   1275.1181;    127.3861;      16.0;
510;16;   1133.4747;    132.3861;      16.0;
511;16;    949.9103;    117.3861;      16.0;
512;16;   1107.9894;    106.3861;      16.0;
513;16;   1010.7816;    121.3861;      16.0;
514;16;   1129.6825;    118.8217;      16.0;
515;16;   1122.3460;    130.3861;      16.0;
516;16;   1047.2173;    130.9504;      16.0;
517;16;   1003.5242;    117.2574;      16.0;
518;16;    920.2173;    102.2574;      16.0;
519;16;   1033.1181;    124.9504;      16.0;
520;16;   1069.9894;    136.9504;      16.0;
521;16;   1192.4251;    117.8217;      16.0;
522;16;    945.6034;    114.3861;      16.0;
523;16;   1213.9894;    135.3861;      16.0;
524;16;   1048.7320;    115.3861;      16.0;
525;16;   1107.9894;    141.9504;      16.0;
526;16;   1026.2173;    105.2574;      16.0;
527;16;   1021.6034;    112.3861;      16.0;
528;16;   1145.1181;    124.3861;      16.0;
529;17;   1098.4251;    154.3861;      17.0;
530;17;   1251.1181;    145.9504;      17.0;
531;17;   1254.4251;    170.9504;      17.0;
532;17;   1251.1181;    137.3861;      17.0;
533;17;   1102.3755;    130.9504;      17.0;
534;17;   1201.5538;    114.3861;      17.0;
535;17;    976.4747;    124.3861;      17.0;
536;17;   1223.1181;    127.2574;      17.0;
537;17;   1035.9894;    104.8217;      17.0;
538;17;   1123.1181;    174.5148;      17.0;
539;17;   1248.8111;    158.9504;      17.0;
540;17;    955.6034;    123.2574;      17.0;
541;17;   1130.5538;    124.3861;      17.0;
542;17;   1034.3460;    147.9504;      17.0;
543;17;   1151.1181;     94.8217;      17.0;
544;17;   1268.5538;    137.3861;      17.0;
545;17;   1220.1181;    129.9504;      17.0;
546;17;   1043.4747;     97.2574;      17.0;
547;17;    965.6529;    107.2574;      17.0;
548;17;   1212.9894;    129.3861;      17.0;
549;17;    916.9103;     92.3861;      17.0;
550;17;   1167.2468;    126.2574;      17.0;
551;17;   1031.9103;    107.6930;      17.0;
552;17;    911.1677;    109.2574;      17.0;
553;17;   1202.9894;    145.9504;      17.0;
554;17;   1053.1677;    110.3861;      17.0;
555;17;   1111.4251;    146.9504;      17.0;
556;17;   1139.2468;    146.9504;      17.0;
557;17;   1206.5538;    178.5148;      17.0;
558;17;   1044.4746;    125.3861;      17.0;
559;17;   1193.9895;    143.3861;      17.0;
560;17;   1106.1677;    131.3861;      17.0;
561;17;   1155.2468;    137.3861;      17.0;
562;18;    955.8607;    128.3861;      18.0;
563;18;   1142.1181;    109.2574;      18.0;
564;18;   1198.5538;    131.9504;      18.0;
565;18;   1050.0390;    143.3861;      18.0;
566;18;   1192.8111;    131.3861;      18.0;
567;18;   1247.2468;    130.9504;      18.0;
568;18;   1031.8607;    116.3861;      18.0;
569;18;   1359.1972;    158.9504;      18.0;
570;18;   1361.8903;    153.5148;      18.0;
571;18;   1156.6825;    137.3861;      18.0;
572;18;   1473.4546;    166.5148;      18.0;
573;18;   1058.9895;    105.2574;      18.0;
574;18;   1154.9398;    111.3861;      18.0;
575;18;   1257.8111;    130.8217;      18.0;
576;18;   1309.3259;    156.9504;      18.0;
577;18;   1227.5042;    117.3861;      18.0;
578;18;   1256.8112;    129.3861;      18.0;
579;18;   1105.9894;    118.3861;      18.0;
580;18;   1323.8111;    136.9504;      18.0;
581;18;   1273.2468;    129.9504;      18.0;
582;18;   1081.9894;    144.9504;      18.0;
583;18;   1155.7320;    101.8217;      18.0;
584;18;   1147.6825;    109.3861;      18.0;
585;18;   1031.4251;    129.9504;      18.0;
586;18;   1288.5042;    141.9504;      18.0;
587;18;   1034.3460;     90.6930;      18.0;
588;18;   1092.6824;    121.8217;      18.0;
589;18;   1305.6329;    124.9504;      18.0;
590;18;   1531.5833;    150.9504;      18.0;
591;18;   1174.9894;    131.9504;      18.0;
592;18;   1318.1181;    125.3861;      18.0;
593;18;   1287.2468;    119.8217;      18.0;
594;18;   1066.1181;    110.3861;      18.0;
595;19;   1331.3259;    153.3861;      19.0;
596;19;   1043.6033;    117.2574;      19.0;
597;19;   1312.9398;    126.3861;      19.0;
598;19;   1142.9894;    129.3861;      19.0;
599;19;   1446.3259;    141.9504;      19.0;
600;19;   1339.1972;    154.5148;      19.0;
601;19;   1047.5538;    157.9504;      19.0;
602;19;   1104.9895;    133.8217;      19.0;
603;19;    987.0390;     98.3861;      19.0;
604;19;   1349.3755;    116.3861;      19.0;
605;19;   1366.8112;    131.3861;      19.0;
606;19;   1287.1972;    129.9504;      19.0;
607;19;   1093.1181;    141.9504;      19.0;
608;19;   1294.6329;    153.3861;      19.0;
609;19;   1321.5042;    125.3861;      19.0;
610;19;   1331.5042;    148.3861;      19.0;
611;19;   1400.6329;    133.3861;      19.0;
612;19;   1272.2468;    115.9504;      19.0;
613;19;   1309.3756;    160.9504;      19.0;
614;19;   1212.5042;    154.9504;      19.0;
615;19;   1269.6329;    156.9504;      19.0;
616;19;   1067.9399;    118.2574;      19.0;
617;19;   1193.2468;    103.6930;      19.0;
618;19;   1225.5538;    121.3861;      19.0;
619;19;   1445.8903;    131.8217;      19.0;
620;19;   1225.1181;    138.3861;      19.0;
621;19;   1257.2468;    147.3861;      19.0;
622;19;   1345.7616;    136.9504;      19.0;
623;19;   1246.9399;    132.3861;      19.0;
624;19;   1225.1181;    186.5148;      19.0;
625;19;   1126.6825;    107.8217;      19.0;
626;19;   1103.8112;    130.9504;      19.0;
627;19;    968.6033;    133.8217;      19.0;
628;20;   1270.5042;    110.3861;      20.0;
629;20;   1542.8407;    141.3861;      20.0;
630;20;   1217.6824;    111.8217;      20.0;
631;20;   1434.4546;    137.3861;      20.0;
632;20;   1392.8903;    128.2574;      20.0;
633;20;   1234.2468;    103.2574;      20.0;
634;20;   1628.4051;    146.9504;      20.0;
635;20;   1202.7320;    123.8217;      20.0;
636;20;   1328.7616;    129.3861;      20.0;
637;20;   1351.8406;    124.9504;      20.0;
638;20;   1155.2468;    142.9504;      20.0;
639;20;   1294.3755;    103.6930;      20.0;
640;20;   1240.9398;    111.3861;      20.0;
641;20;   1238.3260;    154.8217;      20.0;
642;20;   1252.5042;    112.3861;      20.0;
643;20;   1170.5042;    130.9504;      20.0;
644;20;   1346.1972;    104.3861;      20.0;
645;20;   1244.2468;    118.9504;      20.0;
646;20;   1550.7120;    153.3861;      20.0;
647;20;   1296.1972;    147.3861;      20.0;
648;20;   1393.0685;    156.5148;      20.0;
649;20;   1306.9399;    109.8217;      20.0;
650;20;   1676.2764;    179.9504;      20.0;
651;20;   1460.4050;    129.3861;      20.0;
652;20;   1321.7616;    141.3861;      20.0;
653;20;   1333.6329;    120.8217;      20.0;
654;20;   1200.0686;    111.3861;      20.0;
655;20;   1441.2468;    123.8217;      20.0;
656;20;   1379.1972;    152.3861;      20.0;
657;20;   1311.5042;    158.9504;      20.0;
658;20;   1454.4546;    171.9504;      20.0;
659;20;   1572.4050;    147.9504;      20.0;
660;20;   1487.8903;    131.9504;      20.0;
661;21;   1373.1477;    126.2574;      21.0;
662;21;   1255.7616;    137.3861;      21.0;
663;21;   1484.6624;    130.9504;      21.0;
664;21;   1359.7616;    113.2574;      21.0;
665;21;   1447.8903;    131.9504;      21.0;
666;21;   1494.8407;    136.9504;      21.0;
667;21;   1383.6329;    142.8217;      21.0;
668;21;   1498.4050;    127.9504;      21.0;
669;21;   1336.0189;    105.3861;      21.0;
670;21;   1443.4546;    135.9504;      21.0;
671;21;   1530.2764;    146.9504;      21.0;
672;21;   1527.0981;    118.3861;      21.0;
673;21;   1500.0686;    139.3861;      21.0;
674;21;   1504.9694;    137.3861;      21.0;
675;21;   1254.5042;    109.2574;      21.0;
676;21;   1443.7120;    115.3861;      21.0;
677;21;   1577.8407;    139.3861;      21.0;
678;21;   1503.2763;    130.9504;      21.0;
679;21;   1206.1181;    118.9504;      21.0;
680;21;   1423.3259;    145.9504;      21.0;
681;21;   1376.6328;    106.8217;      21.0;
682;21;   1591.5337;    154.9504;      21.0;
683;21;   1324.5833;    140.3861;      21.0;
684;21;   1435.8903;    143.8217;      21.0;
685;21;   1278.9398;    104.3861;      21.0;
686;21;   1157.8111;    158.9504;      21.0;
687;21;   1400.7615;    166.5148;      21.0;
688;21;   1265.0190;    105.8217;      21.0;
689;21;   1635.8407;    166.9504;      21.0;
690;21;   1626.6624;    125.9504;      21.0;
691;21;   1316.3259;    154.3861;      21.0;
692;21;   1731.3555;    134.8217;      21.0;
693;21;   1389.0190;    158.9504;      21.0;
694;22;   1287.9398;    124.9504;      22.0;
695;22;   1257.7616;    137.3861;      22.0;
696;22;   1650.7120;    137.3861;      22.0;
697;22;   1790.3059;    150.9504;      22.0;
698;22;   1503.5833;    148.3861;      22.0;
699;22;   1729.9198;    142.3861;      22.0;
700;22;   1672.6624;    167.9504;      22.0;
701;22;   1315.9398;    132.3861;      22.0;
702;22;   1528.5833;    123.8217;      22.0;
703;22;   1605.3555;    166.5148;      22.0;
704;22;   1587.5337;    146.9504;      22.0;
705;22;   1538.7120;    118.9504;      22.0;
706;22;   1487.1477;    127.9504;      22.0;
707;22;   1701.9198;    146.9504;      22.0;
708;22;   1541.6624;    179.9504;      22.0;
709;22;   1418.5833;    113.3861;      22.0;
710;22;   1424.7120;    139.3861;      22.0;
711;22;   1451.1476;    116.3861;      22.0;
712;22;   1454.0190;    146.9504;      22.0;
713;22;   1345.6329;    125.3861;      22.0;
714;22;   1207.3755;    119.9504;      22.0;
715;22;   1512.8407;    139.3861;      22.0;
716;22;   1182.3755;    106.2574;      22.0;
717;22;   1186.5042;     99.8217;      22.0;
718;22;   1582.8407;    137.3861;      22.0;
719;22;   1630.8407;    130.8217;      22.0;
720;22;   1405.1477;    153.3861;      22.0;
721;22;   1275.4546;    141.9504;      22.0;
722;22;   1366.5337;    145.9504;      22.0;
723;22;   1409.5833;    162.5148;      22.0;
724;22;   1460.3259;    141.3861;      22.0;
725;22;   1648.7911;    146.9504;      22.0;
726;22;   1233.4546;    116.8217;      22.0;
727;23;   1608.7911;    130.3861;      23.0;
728;23;   1648.4050;    137.9504;      23.0;
729;23;   1450.8903;    116.3861;      23.0;
730;23;   1654.3554;    116.2574;      23.0;
731;23;   1417.7120;    109.2574;      23.0;
732;23;   1363.2763;    118.3861;      23.0;
733;23;   1615.7911;    133.9504;      23.0;
734;23;   1470.8903;    158.9504;      23.0;
735;23;   1505.5337;    137.3861;      23.0;
736;23;   1630.7911;    147.3861;      23.0;
737;23;   1494.7615;    133.3861;      23.0;
738;23;   1395.0981;    133.9504;      23.0;
739;23;   1562.8407;    148.9504;      23.0;
740;23;   1638.0980;    127.3861;      23.0;
741;23;   1420.2763;    159.9504;      23.0;
742;23;   1526.1477;    132.3861;      23.0;
743;23;   1615.2267;    130.9504;      23.0;
744;23;   1640.4051;    137.3861;      23.0;
745;23;   1504.9694;    133.9504;      23.0;
746;23;   1595.5337;    121.3861;      23.0;
747;23;   1349.7616;    116.8217;      23.0;
748;23;   1702.2268;    136.3861;      23.0;
749;23;   1525.2268;    112.3861;      23.0;
750;23;   1721.9198;    167.9504;      23.0;
751;23;   1465.9694;    141.9504;      23.0;
752;23;   1448.0189;    131.8217;      23.0;
753;23;   1744.7911;    153.3861;      23.0;
754;23;   1461.5833;    131.9504;      23.0;
755;23;   1730.4050;    158.9504;      23.0;
756;23;   1406.5833;    119.6930;      23.0;
757;23;   1674.5337;    117.8217;      23.0;
758;23;   1606.4050;    115.2574;      23.0;
759;23;   1422.1476;    133.3861;      23.0;
760;24;   1699.9198;    134.9504;      24.0;
761;24;   1553.8407;    136.3861;      24.0;
762;24;   1640.9694;    145.9504;      24.0;
763;24;   1646.2268;    137.3861;      24.0;
764;24;   1577.4050;    154.3861;      24.0;
765;24;   1568.5338;    148.3861;      24.0;
766;24;   1424.7120;    111.3861;      24.0;
767;24;   1756.7911;    141.9504;      24.0;
768;24;   1808.6624;    118.2574;      24.0;
769;24;   1829.1772;    141.9504;      24.0;
770;24;   1659.0485;    153.5148;      24.0;
771;24;   1591.1476;    104.3861;      24.0;
772;24;   1771.6128;    141.3861;      24.0;
773;24;   1500.5337;    129.3861;      24.0;
774;24;   1562.6624;    157.9504;      24.0;
775;24;   1324.1972;    135.3861;      24.0;
776;24;   1622.6624;    129.9504;      24.0;
777;24;   1543.9694;    111.2574;      24.0;
778;24;   1759.3555;    135.3861;      24.0;
779;24;   1893.6128;    136.9504;      24.0;
780;24;   1368.9398;    137.3861;      24.0;
781;24;   1387.5833;    139.3861;      24.0;
782;24;   1472.0189;    114.3861;      24.0;
783;24;   1686.7416;    109.3861;      24.0;
784;24;   1886.9989;    154.8217;      24.0;
785;24;   1480.5337;    125.3861;      24.0;
786;24;   1800.7415;    164.3861;      24.0;
787;24;   1398.5833;    118.9504;      24.0;
788;24;   1655.5338;    104.2574;      24.0;
789;24;   1566.5337;    173.9504;      24.0;
790;24;   1678.2267;    113.9504;      24.0;
791;24;   1406.9694;    101.3861;      24.0;
792;24;   1702.0485;    160.3861;      24.0;
793;25;   1721.7911;    129.3861;      25.0;
794;25;   1564.5337;    119.9504;      25.0;
795;25;   1591.3554;    126.2574;      25.0;
796;25;   1564.0980;    145.9504;      25.0;
797;25;   1957.9989;    129.9504;      25.0;
798;25;   1627.6624;    122.3861;      25.0;
799;25;   1619.1477;    191.9504;      25.0;
800;25;   1646.7911;    119.9504;      25.0;
801;25;   1646.2268;    123.3861;      25.0;
802;25;   1783.7415;    133.3861;      25.0;
803;25;   1554.7911;     93.8217;      25.0;
804;25;   1583.4842;    158.9504;      25.0;
805;25;   1746.4346;    129.3861;      25.0;
806;25;   1587.9198;    129.9504;      25.0;
807;25;   1938.8702;    158.9504;      25.0;
808;25;   1545.5337;    128.2574;      25.0;
809;25;   1827.5137;    151.3861;      25.0;
810;25;   1724.6128;    142.8217;      25.0;
811;25;   1411.1477;    125.9504;      25.0;
812;25;   1535.1772;    115.3861;      25.0;
813;25;   1825.4842;    167.9504;      25.0;
814;25;   1517.9198;    127.2574;      25.0;
815;25;   1857.9989;    146.9504;      25.0;
816;25;   1402.9694;    109.9504;      25.0;
817;25;   1536.4841;    157.9504;      25.0;
818;25;   1849.7415;    135.9504;      25.0;
819;25;   1721.1772;    179.9504;      25.0;
820;25;   1588.0981;    125.3861;      25.0;
821;25;   1920.4346;    167.9504;      25.0;
822;25;   1682.6624;    127.3861;      25.0;
823;25;   1836.1276;    134.9504;      25.0;
824;25;   2043.2563;    148.3861;      25.0;
825;25;   1691.3555;    134.9504;      25.0;
826;26;   1668.7911;    150.9504;      26.0;
827;26;   2090.3850;    143.8217;      26.0;
828;26;   1863.7416;    167.9504;      26.0;
829;26;   1883.3850;    129.8217;      26.0;
830;26;   1937.4346;    148.3861;      26.0;
831;26;   1668.7911;    141.3861;      26.0;
832;26;   1856.7415;    146.9504;      26.0;
833;26;   2002.8206;    141.9504;      26.0;
834;26;   1748.4841;    134.9504;      26.0;
835;26;   1941.3059;    139.3861;      26.0;
836;26;   1904.9989;    152.3861;      26.0;
837;26;   1841.7415;    142.9504;      26.0;
838;26;   1699.2764;    158.9504;      26.0;
839;26;   1544.7119;    114.3861;      26.0;
840;26;   1933.1276;    147.3861;      26.0;
841;26;   1891.9989;    149.3861;      26.0;
842;26;   1666.0485;    108.2574;      26.0;
843;26;   1826.9990;    148.3861;      26.0;
844;26;   1737.3555;    136.8217;      26.0;
845;26;   1838.9989;    109.8217;      26.0;
846;26;   1792.8702;    130.9504;      26.0;
847;26;   1905.1772;    136.3861;      26.0;
848;26;   1801.6919;    132.9504;      26.0;
849;26;   1612.7415;    111.3861;      26.0;
850;26;   1494.8407;    148.3861;      26.0;
851;26;   1727.1772;    136.3861;      26.0;
852;26;   1594.4050;    103.2574;      26.0;
853;26;   1757.8702;    133.3861;      26.0;
854;26;   1464.3554;    107.2574;      26.0;
855;26;   2121.3850;    145.9504;      26.0;
856;26;   1662.9198;    140.3861;      26.0;
857;26;   1620.9198;    131.3861;      26.0;
858;26;   1787.0485;    149.3861;      26.0;
859;27;   1883.1276;    139.3861;      27.0;
860;27;   1673.4050;    104.2574;      27.0;
861;27;   2153.3354;    162.5148;      27.0;
862;27;   2051.3850;    130.9504;      27.0;
863;27;   1806.2563;    123.8217;      27.0;
864;27;   1766.0485;    128.3861;      27.0;
865;27;   1628.6624;    149.3861;      27.0;
866;27;   1799.6919;    154.8217;      27.0;
867;27;   1788.4841;    136.3861;      27.0;
868;27;   1820.4345;    133.9504;      27.0;
869;27;   1806.0485;    155.9504;      27.0;
870;27;   1951.9494;    123.9504;      27.0;
871;27;   1912.4345;    130.9504;      27.0;
872;27;   1969.6919;    143.9504;      27.0;
873;27;   2036.5137;    153.5148;      27.0;
874;27;   1759.3058;    118.9504;      27.0;
875;27;   2106.3850;    136.3861;      27.0;
876;27;   1741.9694;    114.3861;      27.0;
877;27;   1756.9198;    111.8217;      27.0;
878;27;   2288.2563;    183.9504;      27.0;
879;27;   1586.6919;    124.3861;      27.0;
880;27;   1862.2563;    165.5148;      27.0;
881;27;   1807.6129;    174.5148;      27.0;
882;27;   1587.9198;    131.8217;      27.0;
883;27;   2001.4346;    130.3861;      27.0;
884;27;   1685.2268;    148.9504;      27.0;
885;27;   1646.2267;    140.3861;      27.0;
886;27;   1742.6424;    148.9504;      27.0;
887;27;   1874.0780;    158.9504;      27.0;
888;27;   1849.8206;    135.9504;      27.0;
889;27;   2169.2067;    153.3861;      27.0;
890;27;   2045.8998;    136.9504;      27.0;
891;27;   1944.8206;    158.9504;      27.0;
892;28;   2059.5136;    139.3861;      28.0;
893;28;   2016.4346;    160.9504;      28.0;
894;28;   1911.8703;    118.9504;      28.0;
895;28;   1907.2563;    134.9504;      28.0;
896;28;   1786.4346;    109.3861;      28.0;
897;28;   2156.5928;    148.3861;      28.0;
898;28;   1989.9989;    191.9504;      28.0;
899;28;   1902.9989;    178.5148;      28.0;
900;28;   1862.6919;    142.3861;      28.0;
901;28;   1981.0485;    139.3861;      28.0;
902;28;   1782.0485;    118.3861;      28.0;
903;28;   1760.0485;    178.5148;      28.0;
904;28;   1999.6424;    159.9504;      28.0;
905;28;   2085.9493;    135.9504;      28.0;
906;28;   1869.9493;    122.9504;      28.0;
907;28;   1784.3554;    129.3861;      28.0;
908;28;   1967.7415;    148.3861;      28.0;
909;28;   1988.2067;    132.3861;      28.0;
910;28;   1956.9493;    123.3861;      28.0;
911;28;   1871.4346;    131.3861;      28.0;
912;28;   1765.8702;    156.5148;      28.0;
913;28;   1725.1772;    130.9504;      28.0;
914;28;   1853.7416;    171.9504;      28.0;
915;28;   1507.0485;    130.9504;      28.0;
916;28;   1606.3554;    111.8217;      28.0;
917;28;   1641.9198;    122.3861;      28.0;
918;28;   2082.9789;    137.3861;      28.0;
919;28;   1886.6920;    123.8217;      28.0;
920;28;   1777.9198;    122.8217;      28.0;
921;28;   1840.7711;    145.9504;      28.0;
922;28;   2052.6424;    153.3861;      28.0;
923;28;   1844.4345;    146.9504;      28.0;
924;28;   1972.3058;    179.9504;      28.0;
925;29;   1847.8702;    130.9504;      29.0;
926;29;   1995.4641;    141.9504;      29.0;
927;29;   1779.1771;    103.2574;      29.0;
928;29;   1849.1276;    145.3861;      29.0;
929;29;   1945.5137;    137.3861;      29.0;
930;29;   1986.4345;    132.3861;      29.0;
931;29;   1640.7415;    107.2574;      29.0;
932;29;   2057.0780;    130.3861;      29.0;
933;29;   1907.6920;    118.9504;      29.0;
934;29;   1671.7911;    167.9504;      29.0;
935;29;   2010.0780;    149.3861;      29.0;
936;29;   1832.3850;    133.9504;      29.0;
937;29;   1791.6919;    146.9504;      29.0;
938;29;   1921.4346;    156.9504;      29.0;
939;29;   2007.2067;    125.9504;      29.0;
940;29;   1967.3850;    120.8217;      29.0;
941;29;   2015.5137;    111.3861;      29.0;
942;29;   2311.2067;    125.3861;      29.0;
943;29;   2003.2563;    186.5148;      29.0;
944;29;   1859.9493;    121.9504;      29.0;
945;29;   2060.1276;    166.5148;      29.0;
946;29;   2166.2067;    186.5148;      29.0;
947;29;   1859.6920;    146.9504;      29.0;
948;29;   2050.4641;    191.9504;      29.0;
949;29;   1784.8702;    115.2574;      29.0;
950;29;   2206.2067;    146.9504;      29.0;
951;29;   2097.2067;    174.5148;      29.0;
952;29;   1725.2268;    141.3861;      29.0;
953;29;   1987.6919;    167.9504;      29.0;
954;29;   2046.1572;    129.3861;      29.0;
955;29;   1819.1276;    143.9504;      29.0;
956;29;   1949.9989;    153.3861;      29.0;
957;29;   2059.7711;    133.9504;      29.0;
958;30;   2059.3850;    142.9504;      30.0;
959;30;   1893.3850;    125.3861;      30.0;
960;30;   2049.3850;    111.3861;      30.0;
961;30;   1833.5633;    135.9504;      30.0;
962;30;   1813.6424;    115.9504;      30.0;
963;30;   2090.6424;    143.9504;      30.0;
964;30;   1878.9989;    131.9504;      30.0;
965;30;   2077.5137;    130.9504;      30.0;
966;30;   2217.2858;    143.8217;      30.0;
967;30;   1988.9989;    166.5148;      30.0;
968;30;   2142.8502;    137.3861;      30.0;
969;30;   2193.6423;    128.3861;      30.0;
970;30;   1835.9989;    166.9504;      30.0;
971;30;   2068.2563;    151.3861;      30.0;
972;30;   1936.6424;    130.9504;      30.0;
973;30;   1892.2563;    143.3861;      30.0;
974;30;   2049.3850;    148.9504;      30.0;
975;30;   1730.3059;    122.3861;      30.0;
976;30;   2364.2362;    179.9504;      30.0;
977;30;   2058.2067;    157.9504;      30.0;
978;30;   1927.2067;    130.9504;      30.0;
979;30;   2263.5928;    170.9504;      30.0;
980;30;   2081.3850;    131.8217;      30.0;
981;30;   1941.2563;    121.3861;      30.0;
982;30;   2098.9493;    118.2574;      30.0;
983;30;   1961.9493;    186.5148;      30.0;
984;30;   1994.3850;    167.9504;      30.0;
985;30;   2175.9493;    142.3861;      30.0;
986;30;   2092.2067;    141.3861;      30.0;
987;30;   2122.5928;    139.3861;      30.0;
988;30;   1963.5633;    125.3861;      30.0;
989;30;   1852.9989;    158.9504;      30.0;
990;30;   2012.2067;    137.3861;      30.0;
991;31;   2111.0285;    141.9504;      31.0;
992;31;   2276.8502;    146.9504;      31.0;
993;31;   2102.4145;    109.3861;      31.0;
994;31;   2056.3354;    123.8217;      31.0;
995;31;   2065.7711;    142.3861;      31.0;
996;31;   2472.3649;    127.3861;      31.0;
997;31;   1748.7415;    141.3861;      31.0;
998;31;   1741.5633;    108.2574;      31.0;
999;31;   1931.7710;    108.8217;      31.0;
1000;31;   2007.8206;    149.3861;      31.0;
1001;31;   2070.8997;    146.9504;      31.0;
1002;31;   1877.5632;    106.2574;      31.0;
1003;31;   1661.7911;     98.8217;      31.0;
1004;31;   1813.8206;    115.8217;      31.0;
1005;31;   1973.3355;    129.9504;      31.0;
1006;31;   2007.0780;    115.3861;      31.0;
1007;31;   2027.8997;    136.3861;      31.0;
1008;31;   2207.3354;    124.9504;      31.0;
1009;31;   2312.4145;    179.9504;      31.0;
1010;31;   1892.9494;    141.9504;      31.0;
1011;31;   1948.2563;    125.3861;      31.0;
1012;31;   2046.2563;    142.9504;      31.0;
1013;31;   2312.4641;    148.3861;      31.0;
1014;31;   2150.7710;    178.5148;      31.0;
1015;31;   2213.5928;    141.3861;      31.0;
1016;31;   2668.3153;    167.9504;      31.0;
1017;31;   2021.3354;    130.9504;      31.0;
1018;31;   2093.5137;    150.9504;      31.0;
1019;31;   2389.8006;    156.5148;      31.0;
1020;31;   2317.1075;    155.9504;      31.0;
1021;31;   2348.2858;    132.9504;      31.0;
1022;31;   2063.0285;    109.8217;      31.0;
1023;31;   2439.2362;    158.9504;      31.0;
1024;32;   2094.9789;    134.9504;      32.0;
1025;32;   2276.5432;    134.9504;      32.0;
1026;32;   2133.4641;    106.8217;      32.0;
1027;32;   2280.1571;    153.3861;      32.0;
1028;32;   2323.9293;    133.9504;      32.0;
1029;32;   2256.0285;    154.9504;      32.0;
1030;32;   1990.2067;    115.2574;      32.0;
1031;32;   2357.8501;    138.3861;      32.0;
1032;32;   2041.2067;    117.3861;      32.0;
1033;32;   2123.0284;    134.9504;      32.0;
1034;32;   2356.2362;    153.9504;      32.0;
1035;32;   2020.0780;    121.8217;      32.0;
1036;32;   1934.4641;    178.5148;      32.0;
1037;32;   2362.4936;    127.9504;      32.0;
1038;32;   2050.7215;    171.9504;      32.0;
1039;32;   2151.4641;    133.8217;      32.0;
1040;32;   2120.0284;    146.8217;      32.0;
1041;32;   2184.1076;    133.3861;      32.0;
1042;32;   2545.1371;    160.9504;      32.0;
1043;32;   2011.2067;    149.3861;      32.0;
1044;32;   2480.6719;    167.9504;      32.0;
1045;32;   2312.2067;    140.3861;      32.0;
1046;32;   2063.1571;    134.9504;      32.0;
1047;32;   2210.7215;    147.9504;      32.0;
1048;32;   2047.2067;    115.2574;      32.0;
1049;32;   2163.9788;    141.3861;      32.0;
1050;32;   2235.4145;    153.9504;      32.0;
1051;32;   2343.4145;    153.3861;      32.0;
1052;32;   2308.2858;    161.3861;      32.0;
1053;32;   2030.8502;    125.9504;      32.0;
1054;32;   1923.6424;    125.3861;      32.0;
1055;32;   2519.0579;    160.3861;      32.0;
1056;32;   2125.8502;    130.3861;      32.0;
1057;33;   2323.1075;    153.3861;      33.0;
1058;33;   2220.7214;    136.9504;      33.0;
1059;33;   2046.8206;    115.2574;      33.0;
1060;33;   2093.5928;    125.3861;      33.0;
1061;33;   2550.4936;    126.2574;      33.0;
1062;33;   2623.1867;    139.9504;      33.0;
1063;33;   2431.5432;    141.9504;      33.0;
1064;33;   2609.6223;    146.8217;      33.0;
1065;33;   2227.2858;    140.3861;      33.0;
1066;33;   1814.1276;    113.3861;      33.0;
1067;33;   1981.0780;    137.3861;      33.0;
1068;33;   2239.1076;    137.3861;      33.0;
1069;33;   1906.5136;    135.9504;      33.0;
1070;33;   2216.6223;    127.3861;      33.0;
1071;33;   2005.9989;    123.8217;      33.0;
1072;33;   2260.7215;    143.3861;      33.0;
1073;33;   2100.4145;    131.8217;      33.0;
1074;33;   2221.8006;    162.5148;      33.0;
1075;33;   1864.3354;    178.5148;      33.0;
1076;33;   2336.7215;    127.3861;      33.0;
1077;33;   2369.8502;    135.9504;      33.0;
1078;33;   2205.5432;    124.9504;      33.0;
1079;33;   2206.7215;    135.9504;      33.0;
1080;33;   2422.3649;    142.8217;      33.0;
1081;33;   2159.5928;    166.5148;      33.0;
1082;33;   2158.1572;    106.8217;      33.0;
1083;33;   2304.2067;    142.3861;      33.0;
1084;33;   2386.1571;    127.3861;      33.0;
1085;33;   2762.1371;    148.3861;      33.0;
1086;33;   2118.4641;    164.3861;      33.0;
1087;33;   2085.5928;    115.3861;      33.0;
1088;33;   2215.8502;    125.9504;      33.0;
1089;33;   2168.2858;    138.3861;      33.0;
1090;34;   2284.4641;    129.3861;      34.0;
1091;34;   2358.4936;    173.9504;      34.0;
1092;34;   2630.0084;    141.3861;      34.0;
1093;34;   2502.0084;    142.9504;      34.0;
1094;34;   2056.5928;    129.8217;      34.0;
1095;34;   2237.4145;    153.9504;      34.0;
1096;34;   2231.2362;    160.9504;      34.0;
1097;34;   2254.2362;    119.9504;      34.0;
1098;34;   2477.8006;    146.9504;      34.0;
1099;34;   2189.3649;    132.8217;      34.0;
1100;34;   2434.5432;    129.9504;      34.0;
1101;34;   2214.1571;    136.9504;      34.0;
1102;34;   2175.8997;    130.3861;      34.0;
1103;34;   2443.1866;    140.3861;      34.0;
1104;34;   2232.2858;    167.9504;      34.0;
1105;34;   2048.0284;    136.9504;      34.0;
1106;34;   2436.0580;    148.3861;      34.0;
1107;34;   2159.3850;    143.8217;      34.0;
1108;34;   2303.9788;    131.9504;      34.0;
1109;34;   2245.7214;    131.9504;      34.0;
1110;34;   2279.6719;    124.3861;      34.0;
1111;34;   2388.6223;    112.3861;      34.0;
1112;34;   2425.9788;    132.3861;      34.0;
1113;34;   2261.2362;    134.9504;      34.0;
1114;34;   2379.9293;    134.9504;      34.0;
1115;34;   2318.1075;    130.9504;      34.0;
1116;34;   2187.4641;    179.9504;      34.0;
1117;34;   2144.8502;    124.3861;      34.0;
1118;34;   2372.2362;    147.9504;      34.0;
1119;34;   2033.5928;    123.8217;      34.0;
1120;34;   2308.8502;    110.3861;      34.0;
1121;34;   2445.9293;    166.5148;      34.0;
1122;34;   2201.5432;    158.9504;      34.0;
1123;35;   2625.1371;    134.9504;      35.0;
1124;35;   2631.3945;    148.3861;      35.0;
1125;35;   2217.6719;    141.9504;      35.0;
1126;35;   2462.1866;    162.5148;      35.0;
1127;35;   2271.5928;    136.3861;      35.0;
1128;35;   2302.1075;    146.9504;      35.0;
1129;35;   2230.2858;    136.9504;      35.0;
1130;35;   2309.5432;    136.3861;      35.0;
1131;35;   2667.0579;    191.9504;      35.0;
1132;35;   2602.8797;    136.9504;      35.0;
1133;35;   2522.3650;    136.9504;      35.0;
1134;35;   2403.6223;    127.9504;      35.0;
1135;35;   2337.8502;    139.3861;      35.0;
1136;35;   2520.7510;    123.9504;      35.0;
1137;35;   2517.9293;    142.3861;      35.0;
1138;35;   2361.4936;    135.9504;      35.0;
1139;35;   2357.0579;    147.9504;      35.0;
1140;35;   2408.8502;    147.9504;      35.0;
1141;35;   2258.3649;    135.3861;      35.0;
1142;35;   1984.0780;    136.3861;      35.0;
1143;35;   2271.8006;    130.9504;      35.0;
1144;35;   2354.0579;    154.5148;      35.0;
1145;35;   2434.8006;    167.9504;      35.0;
1146;35;   2121.8502;    141.9504;      35.0;
1147;35;   2267.2858;    179.9504;      35.0;
1148;35;   2337.4145;    130.9504;      35.0;
1149;35;   2193.2067;    105.2574;      35.0;
1150;35;   1956.5137;    148.3861;      35.0;
1151;35;   2003.4641;    123.9504;      35.0;
1152;35;   2333.8006;    145.9504;      35.0;
1153;35;   2469.1075;    153.5148;      35.0;
1154;35;   2527.9293;    158.9504;      35.0;
1155;35;   2364.2362;    157.9504;      35.0;
1156;36;   2305.4145;    152.3861;      36.0;
1157;36;   2464.1867;    131.9504;      36.0;
1158;36;   2522.6223;    142.3861;      36.0;
1159;36;   2507.6719;    137.9504;      36.0;
1160;36;   2217.3650;    153.5148;      36.0;
1161;36;   2732.1371;    154.9504;      36.0;
1162;36;   2181.3650;    130.9504;      36.0;
1163;36;   2401.6223;    147.3861;      36.0;
1164;36;   2442.1075;    137.3861;      36.0;
1165;36;   2411.0580;    191.9504;      36.0;
1166;36;   2673.8301;    166.5148;      36.0;
1167;36;   2673.4440;    167.9504;      36.0;
1168;36;   2501.0580;    135.3861;      36.0;
1169;36;   2485.5728;    132.3861;      36.0;
1170;36;   2716.5727;    162.5148;      36.0;
1171;36;   2647.8006;    136.3861;      36.0;
1172;36;   2206.1571;    123.8217;      36.0;
1173;36;   2224.9293;    144.9504;      36.0;
1174;36;   2435.2362;    141.9504;      36.0;
1175;36;   2605.7014;    123.9504;      36.0;
1176;36;   2580.7510;    164.3861;      36.0;
1177;36;   2391.8005;    131.3861;      36.0;
1178;36;   2603.0580;    154.5148;      36.0;
1179;36;   2054.5137;    131.9504;      36.0;
1180;36;   2731.9588;    153.9504;      36.0;
1181;36;   2398.4936;    119.2574;      36.0;
1182;36;   2635.8797;    131.3861;      36.0;
1183;36;   2367.1076;    156.9504;      36.0;
1184;36;   2306.0580;    139.3861;      36.0;
1185;36;   2241.3649;    115.9504;      36.0;
1186;36;   2522.6719;    145.9504;      36.0;
1187;36;   2654.4441;    130.9504;      36.0;
1188;36;   2652.3154;    135.3861;      36.0;
1189;37;   2503.0580;    136.9504;      37.0;
1190;37;   2520.1867;    153.3861;      37.0;
1191;37;   2437.7510;    141.9504;      37.0;
1192;37;   2252.9789;    154.8217;      37.0;
1193;37;   2384.4441;    149.3861;      37.0;
1194;37;   2381.9293;    154.5148;      37.0;
1195;37;   2530.3153;    131.8217;      37.0;
1196;37;   2599.9588;    126.2574;      37.0;
1197;37;   3037.6022;    174.5148;      37.0;
1198;37;   2661.4440;    183.9504;      37.0;
1199;37;   2644.2161;    174.5148;      37.0;
1200;37;   2166.7215;    142.8217;      37.0;
1201;37;   2552.3153;    154.5148;      37.0;
1202;37;   2145.7215;    114.2574;      37.0;
1203;37;   2419.1866;    145.9504;      37.0;
1204;37;   2344.3649;    109.2574;      37.0;
1205;37;   2810.7014;    147.9504;      37.0;
1206;37;   2533.4440;    155.9504;      37.0;
1207;37;   2651.1867;    123.8217;      37.0;
1208;37;   2394.1867;    125.9504;      37.0;
1209;37;   2240.1571;    121.3861;      37.0;
1210;37;   2586.9588;    137.3861;      37.0;
1211;37;   2501.8006;    167.9504;      37.0;
1212;37;   2625.0084;    138.3861;      37.0;
1213;37;   2378.5432;    129.9504;      37.0;
1214;37;   2566.7510;    149.3861;      37.0;
1215;37;   2427.6223;    174.5148;      37.0;
1216;37;   2796.4936;    137.3861;      37.0;
1217;37;   2610.4936;    145.3861;      37.0;
1218;37;   2310.8006;    146.9504;      37.0;
1219;37;   2643.0084;    158.9504;      37.0;
1220;37;   2540.8006;    149.3861;      37.0;
1221;37;   2238.5432;    121.8217;      37.0;
1222;38;   2611.3945;    133.9504;      38.0;
1223;38;   2219.8006;    167.9504;      38.0;
1224;38;   2510.3649;    143.3861;      38.0;
1225;38;   2848.5232;    148.9504;      38.0;
1226;38;   2538.0580;    153.3861;      38.0;
1227;38;   2452.6719;    129.3861;      38.0;
1228;38;   2378.8006;    109.2574;      38.0;
1229;38;   2502.1371;    123.2574;      38.0;
1230;38;   2723.2658;    171.9504;      38.0;
1231;38;   2845.5231;    158.9504;      38.0;
1232;38;   2427.3945;    167.9504;      38.0;
1233;38;   2759.1371;    136.3861;      38.0;
1234;38;   2774.2162;    138.3861;      38.0;
1235;38;   2205.2859;    119.2574;      38.0;
1236;38;   2560.1371;    139.3861;      38.0;
1237;38;   2500.2362;    132.3861;      38.0;
1238;38;   2719.7805;    178.5148;      38.0;
1239;38;   2615.0084;    142.3861;      38.0;
1240;38;   2454.4440;    134.9504;      38.0;
1241;38;   2469.9293;    130.9504;      38.0;
1242;38;   2500.9293;    130.3861;      38.0;
1243;38;   2882.9588;    179.9504;      38.0;
1244;38;   2647.8301;    156.5148;      38.0;
1245;38;   2370.8006;    122.3861;      38.0;
1246;38;   2667.8797;    146.9504;      38.0;
1247;38;   2749.8301;    124.3861;      38.0;
1248;38;   2445.4936;    148.9504;      38.0;
1249;38;   2620.0084;    146.9504;      38.0;
1250;38;   2699.1371;    135.3861;      38.0;
1251;38;   2462.9293;    153.9504;      38.0;
1252;38;   2673.1867;    130.8217;      38.0;
1253;38;   2605.7014;    112.3861;      38.0;
1254;38;   2858.9093;    136.8217;      38.0;
1255;39;   2624.9588;    131.3861;      39.0;
1256;39;   2485.1370;    166.5148;      39.0;
1257;39;   2621.1371;    142.3861;      39.0;
1258;39;   2553.1371;    142.9504;      39.0;
1259;39;   2610.1371;    161.9504;      39.0;
1260;39;   2836.1371;    136.9504;      39.0;
1261;39;   2776.9588;    147.9504;      39.0;
1262;39;   2447.1075;    159.9504;      39.0;
1263;39;   2424.3944;    149.3861;      39.0;
1264;39;   2407.8797;    135.3861;      39.0;
1265;39;   2370.2362;    174.5148;      39.0;
1266;39;   2683.3945;    148.3861;      39.0;
1267;39;   2658.1371;    171.9504;      39.0;
1268;39;   3066.8596;    179.9504;      39.0;
1269;39;   2774.7014;    166.5148;      39.0;
1270;39;   2677.5231;    129.9504;      39.0;
1271;39;   2692.1371;    145.9504;      39.0;
1272;39;   2688.0083;    148.9504;      39.0;
1273;39;   2438.0580;    156.5148;      39.0;
1274;39;   2616.2162;    125.3861;      39.0;
1275;39;   2428.3153;    174.5148;      39.0;
1276;39;   2721.3944;    141.9504;      39.0;
1277;39;   2748.0084;    167.9504;      39.0;
1278;39;   2495.3153;    166.5148;      39.0;
1279;39;   2579.5232;    141.3861;      39.0;
1280;39;   2943.3449;    130.9504;      39.0;
1281;39;   2321.1866;    129.3861;      39.0;
1282;39;   2875.1666;    137.3861;      39.0;
1283;39;   2612.7015;    124.9504;      39.0;
1284;39;   2512.0580;    147.3861;      39.0;
1285;39;   2400.0580;    127.9504;      39.0;
1286;39;   2708.9588;    178.5148;      39.0;
1287;39;   2944.9092;    174.5148;      39.0;
1288;40;   2642.3153;    135.9504;      40.0;
1289;40;   2606.0875;    130.9504;      40.0;
1290;40;   3014.3450;    140.3861;      40.0;
1291;40;   2296.0579;    142.9504;      40.0;
1292;40;   2794.6518;    142.3861;      40.0;
1293;40;   2634.8301;    111.8217;      40.0;
1294;40;   3039.7310;    129.3861;      40.0;
1295;40;   2640.0083;    117.9504;      40.0;
1296;40;   2657.8302;    179.9504;      40.0;
1297;40;   2893.6814;    133.9504;      40.0;
1298;40;   2971.6519;    133.3861;      40.0;
1299;40;   2785.1371;    116.2574;      40.0;
1300;40;   2862.7805;    119.2574;      40.0;
1301;40;   2443.7510;    152.3861;      40.0;
1302;40;   2754.9588;    174.5148;      40.0;
1303;40;   2654.8301;    148.3861;      40.0;
1304;40;   2608.1371;    131.3861;      40.0;
1305;40;   2788.4240;    116.3861;      40.0;
1306;40;   2612.4440;    141.9504;      40.0;
1307;40;   2898.2162;    166.5148;      40.0;
1308;40;   2630.6519;    157.9504;      40.0;
1309;40;   2769.3945;    116.2574;      40.0;
1310;40;   2692.5232;    136.3861;      40.0;
1311;40;   2401.1371;    141.3861;      40.0;
1312;40;   2583.3944;    141.9504;      40.0;
1313;40;   2491.0580;    141.3861;      40.0;
1314;40;   2565.5727;    134.8217;      40.0;
1315;40;   2763.7806;    141.9504;      40.0;
1316;40;   2906.5232;    152.3861;      40.0;
1317;40;   2581.2162;    129.3861;      40.0;
1318;40;   2690.4735;    141.3861;      40.0;
1319;40;   2763.3449;    142.8217;      40.0;
1320;40;   2707.5232;    131.3861;      40.0;
