1;1;    173.0717;    173.0717;       1.0;
2;1;    162.2778;    162.2778;       1.0;
3;1;    256.3631;    256.3631;       1.0;
4;1;    300.4092;    300.4092;       1.0;
5;1;    126.1163;    126.1163;       1.0;
6;1;    318.6322;    318.6322;       1.0;
7;1;    174.6325;    174.6325;       1.0;
8;1;    109.0413;    109.0413;       1.0;
9;1;    217.7343;    217.7343;       1.0;
10;1;    156.9451;    156.9451;       1.0;
11;1;    113.3027;    113.3027;       1.0;
12;1;    276.2367;    276.2367;       1.0;
13;1;    100.6686;    100.6686;       1.0;
14;1;    285.2779;    285.2779;       1.0;
15;1;    174.4329;    174.4329;       1.0;
16;1;    175.7244;    175.7244;       1.0;
17;1;     67.1708;     67.1708;       1.0;
18;1;    220.6280;    220.6280;       1.0;
19;1;    207.9409;    207.9409;       1.0;
20;1;    151.9544;    151.9544;       1.0;
21;1;    238.6614;    238.6614;       1.0;
22;1;    165.9098;    165.9098;       1.0;
23;1;     68.9321;     68.9321;       1.0;
24;1;     53.7972;     53.7972;       1.0;
25;1;    150.4735;    150.4735;       1.0;
26;1;    114.2106;    114.2106;       1.0;
27;1;    159.6871;    159.6871;       1.0;
28;1;    229.9253;    229.9253;       1.0;
29;1;    154.3267;    154.3267;       1.0;
30;1;    364.1799;    364.1799;       1.0;
31;1;    291.4485;    291.4485;       1.0;
32;1;    322.1160;    322.1160;       1.0;
33;1;    144.2629;    144.2629;       1.0;
34;1;    326.5662;    326.5662;       1.0;
35;1;    309.5883;    309.5883;       1.0;
36;1;    294.8260;    294.8260;       1.0;
37;1;    175.9968;    175.9968;       1.0;
38;1;    109.5775;    109.5775;       1.0;
39;1;    186.7377;    186.7377;       1.0;
40;1;    191.6930;    191.6930;       1.0;
41;1;    225.6221;    225.6221;       1.0;
42;1;    416.9071;    416.9071;       1.0;
43;1;    289.3936;    289.3936;       1.0;
44;2;    383.4804;    310.1946;       2.0;
45;2;    452.5371;    315.5954;       2.0;
46;2;    408.9510;    256.3631;       2.0;
47;2;    442.7233;    290.6054;       2.0;
48;2;    778.2124;    431.8780;       2.0;
49;2;    357.1927;    328.6404;       2.0;
50;2;    457.9732;    262.3664;       2.0;
51;2;    253.3758;    133.1351;       2.0;
52;2;    408.1686;    257.6950;       2.0;
53;2;    526.2171;    268.4208;       2.0;
54;2;     81.5622;     49.6617;       2.0;
55;2;    640.6950;    395.8557;       2.0;
56;2;    266.3801;    172.8086;       2.0;
57;2;    257.8470;    169.4261;       2.0;
58;2;    408.8829;    270.0711;       2.0;
59;2;    608.9809;    317.0692;       2.0;
60;2;    272.3673;    163.3260;       2.0;
61;2;    585.9491;    333.8238;       2.0;
62;2;    399.1474;    326.5509;       2.0;
63;2;    117.2344;     85.0087;       2.0;
64;2;    366.8755;    296.1003;       2.0;
65;2;    618.4312;    336.1484;       2.0;
66;2;    622.6047;    381.7352;       2.0;
67;2;    482.6624;    467.1714;       2.0;
68;2;    574.6035;    360.1002;       2.0;
69;2;    359.2143;    249.5188;       2.0;
70;2;    336.8805;    272.6516;       2.0;
71;2;    417.6656;    262.5671;       2.0;
72;2;    306.6784;    213.2659;       2.0;
73;2;    360.0139;    276.3571;       2.0;
74;2;    395.9483;    279.4823;       2.0;
75;2;    277.5502;    153.6829;       2.0;
76;2;    404.3650;    379.4855;       2.0;
77;2;    282.8159;    224.0752;       2.0;
78;2;    217.2357;    132.9542;       2.0;
79;2;    302.5440;    232.9775;       2.0;
80;2;    507.5693;    283.4941;       2.0;
81;2;    591.6786;    383.2328;       2.0;
82;2;    409.3532;    300.3754;       2.0;
83;2;    583.6883;    396.6304;       2.0;
84;2;    297.6792;    178.2704;       2.0;
85;2;    404.0121;    355.7041;       2.0;
86;2;    481.6075;    288.0535;       2.0;
87;3;    453.2497;    254.7012;       3.0;
88;3;    631.3538;    390.7571;       3.0;
89;3;    954.2812;    375.0557;       3.0;
90;3;    612.3187;    248.2423;       3.0;
91;3;    448.2047;    308.1454;       3.0;
92;3;    849.0360;    306.9346;       3.0;
93;3;    578.7945;    287.7269;       3.0;
94;3;    780.9096;    304.7093;       3.0;
95;3;    984.7244;    437.6788;       3.0;
96;3;    598.8240;    367.7976;       3.0;
97;3;    773.8877;    299.2658;       3.0;
98;3;    788.2235;    334.1203;       3.0;
99;3;    416.5050;    199.8164;       3.0;
100;3;    572.9417;    222.7136;       3.0;
101;3;    716.4895;    402.8621;       3.0;
102;3;    693.5840;    387.9816;       3.0;
103;3;    739.0481;    345.8093;       3.0;
104;3;   1066.9308;    381.7352;       3.0;
105;3;    693.3632;    285.6266;       3.0;
106;3;    488.6423;    235.9804;       3.0;
107;3;    732.6261;    317.6083;       3.0;
108;3;    549.9762;    345.8992;       3.0;
109;3;    534.9311;    199.1444;       3.0;
110;3;    667.1590;    367.3599;       3.0;
111;3;    787.2926;    370.6136;       3.0;
112;3;    454.5672;    347.5681;       3.0;
113;3;    448.0431;    279.9288;       3.0;
114;3;    349.4024;    201.8804;       3.0;
115;3;    588.6911;    334.1203;       3.0;
116;3;    886.3062;    367.4033;       3.0;
117;3;    413.0106;    190.2881;       3.0;
118;3;    756.8821;    297.9324;       3.0;
119;3;    301.3752;    144.0576;       3.0;
120;3;    464.8198;    265.0492;       3.0;
121;3;    575.9561;    397.6395;       3.0;
122;3;    239.6552;    128.1771;       3.0;
123;3;    453.0377;    182.1745;       3.0;
124;3;    945.8353;    356.8292;       3.0;
125;3;    798.5610;    332.4168;       3.0;
126;3;    676.7670;    371.6094;       3.0;
127;3;   1013.5040;    383.6271;       3.0;
128;3;    657.5044;    306.6734;       3.0;
129;3;    686.9521;    337.8280;       3.0;
130;4;    623.4864;    266.2305;       4.0;
131;4;    998.4258;    369.3492;       4.0;
132;4;    655.8599;    197.0002;       4.0;
133;4;   1028.2968;    367.4494;       4.0;
134;4;    934.8685;    389.2496;       4.0;
135;4;   1444.7412;    435.5670;       4.0;
136;4;    860.2456;    339.3888;       4.0;
137;4;   1000.8024;    377.3578;       4.0;
138;4;    480.9819;    268.1807;       4.0;
139;4;    633.9777;    242.6345;       4.0;
140;4;    736.6891;    230.7583;       4.0;
141;4;    970.8018;    398.4746;       4.0;
142;4;    270.9544;    146.9903;       4.0;
143;4;    865.3841;    329.8372;       4.0;
144;4;    970.8895;    439.9629;       4.0;
145;4;    975.1791;    353.3099;       4.0;
146;4;    845.9829;    280.4884;       4.0;
147;4;    928.0024;    396.2823;       4.0;
148;4;   1294.3511;    365.5086;       4.0;
149;4;    698.0456;    244.4961;       4.0;
150;4;    980.8331;    368.5746;       4.0;
151;4;    618.6302;    203.9386;       4.0;
152;4;    792.6639;    318.3920;       4.0;
153;4;    668.6409;    236.5272;       4.0;
154;4;    982.7225;    329.2272;       4.0;
155;4;    434.7934;    166.0774;       4.0;
156;4;    703.8299;    346.5866;       4.0;
157;4;   1031.4643;    353.1616;       4.0;
158;4;    579.1285;    236.5272;       4.0;
159;4;    599.3449;    241.4448;       4.0;
160;4;    994.7492;    325.8705;       4.0;
161;4;   1086.1645;    337.6989;       4.0;
162;4;   1301.0797;    403.2033;       4.0;
163;4;    964.2429;    437.8124;       4.0;
164;4;   1244.9649;    436.6814;       4.0;
165;4;    909.1020;    300.2585;       4.0;
166;4;    541.2519;    327.1602;       4.0;
167;4;    702.9017;    320.0385;       4.0;
168;4;    936.0795;    245.5862;       4.0;
169;4;   1026.6504;    420.1733;       4.0;
170;4;    744.9733;    240.5972;       4.0;
171;4;    696.1102;    231.1054;       4.0;
172;4;    866.7722;    395.8557;       4.0;
173;5;    798.6020;    281.7222;       5.0;
174;5;   1245.1670;    360.1002;       5.0;
175;5;   1031.7021;    297.5725;       5.0;
176;5;   1195.2206;    390.4495;       5.0;
177;5;   1008.3522;    296.0092;       5.0;
178;5;   1250.4231;    330.7031;       5.0;
179;5;   1088.7669;    336.9492;       5.0;
180;5;   1355.4730;    358.0018;       5.0;
181;5;    889.6731;    223.8870;       5.0;
182;5;    945.7711;    325.7021;       5.0;
183;5;    988.7674;    356.9882;       5.0;
184;5;   1155.4577;    286.9534;       5.0;
185;5;    762.0875;    279.7208;       5.0;
186;5;    983.0644;    279.2199;       5.0;
187;5;   1143.9595;    434.3409;       5.0;
188;5;   1063.7338;    368.3851;       5.0;
189;5;    692.2647;    280.9253;       5.0;
190;5;   1163.7421;    312.6705;       5.0;
191;5;   1375.4459;    407.4786;       5.0;
192;5;    895.7533;    331.2012;       5.0;
193;5;    997.7269;    265.1482;       5.0;
194;5;   1090.5110;    400.0656;       5.0;
195;5;   1044.5735;    336.8411;       5.0;
196;5;   1026.3005;    297.3800;       5.0;
197;5;    940.7500;    349.5216;       5.0;
198;5;   1218.6980;    281.5022;       5.0;
199;5;    950.6431;    440.9622;       5.0;
200;5;   1062.5841;    257.7958;       5.0;
201;5;   1278.0539;    407.4786;       5.0;
202;5;    792.1066;    302.9625;       5.0;
203;5;    751.3231;    204.0995;       5.0;
204;5;   1406.4356;    335.7797;       5.0;
205;5;   1138.7617;    284.6448;       5.0;
206;5;    907.3565;    228.8006;       5.0;
207;5;   1307.4942;    336.6904;       5.0;
208;5;   1572.2927;    372.5949;       5.0;
209;5;   1208.5702;    390.8374;       5.0;
210;5;    825.9161;    265.2677;       5.0;
211;5;   1195.7838;    340.6031;       5.0;
212;5;    530.0375;    211.9688;       5.0;
213;5;    673.9500;    341.1726;       5.0;
214;5;    876.3298;    325.7622;       5.0;
215;5;   1070.9691;    317.6496;       5.0;
216;6;   1392.1653;    411.3192;       6.0;
217;6;    989.6255;    285.8528;       6.0;
218;6;   1559.0774;    418.5661;       6.0;
219;6;   1274.0499;    318.8596;       6.0;
220;6;    833.6626;    281.9003;       6.0;
221;6;   1594.2338;    406.2692;       6.0;
222;6;   1231.5771;    355.7041;       6.0;
223;6;   1379.8649;    375.9639;       6.0;
224;6;   1282.0427;    280.9527;       6.0;
225;6;   1173.4242;    265.5959;       6.0;
226;6;   1160.6865;    372.5949;       6.0;
227;6;   1183.6451;    286.4100;       6.0;
228;6;   1370.6973;    396.6916;       6.0;
229;6;   1090.5035;    296.2725;       6.0;
230;6;   1350.4618;    353.3099;       6.0;
231;6;   1376.1068;    379.6824;       6.0;
232;6;   1636.9712;    336.5246;       6.0;
233;6;   1562.8972;    387.0734;       6.0;
234;6;   1618.5344;    375.0557;       6.0;
235;6;   1175.2416;    349.6912;       6.0;
236;6;   1454.0124;    338.7001;       6.0;
237;6;   1216.9087;    332.5520;       6.0;
238;6;   1361.9873;    389.9467;       6.0;
239;6;   1473.2711;    341.0062;       6.0;
240;6;   1518.2171;    444.8028;       6.0;
241;6;   1691.1913;    454.9415;       6.0;
242;6;   1393.6930;    394.4882;       6.0;
243;6;   1168.4449;    374.7455;       6.0;
244;6;   1687.5663;    388.9980;       6.0;
245;6;    859.3291;    298.4277;       6.0;
246;6;   1272.0124;    332.6446;       6.0;
247;6;   1025.0617;    295.8560;       6.0;
248;6;   1233.7377;    360.9843;       6.0;
249;6;   1300.4754;    317.0261;       6.0;
250;6;   1467.7295;    364.1799;       6.0;
251;6;   1493.7943;    379.6824;       6.0;
252;6;   1359.7837;    416.7736;       6.0;
253;6;   1126.5759;    358.1134;       6.0;
254;6;   1311.8955;    279.7208;       6.0;
255;6;   1339.3472;    357.6640;       6.0;
256;6;   1303.1582;    386.2032;       6.0;
257;6;   1077.8764;    285.0391;       6.0;
258;6;   1169.6222;    311.7076;       6.0;
259;7;   1068.7764;    324.5360;       7.0;
260;7;   1857.5413;    410.7468;       7.0;
261;7;   1558.1996;    366.5207;       7.0;
262;7;   1355.0689;    306.6734;       7.0;
263;7;   1609.9323;    381.7352;       7.0;
264;7;   1205.8421;    428.7805;       7.0;
265;7;   1410.4581;    317.5977;       7.0;
266;7;   2271.1968;    468.0796;       7.0;
267;7;   1377.5258;    301.8655;       7.0;
268;7;   1627.8948;    424.9055;       7.0;
269;7;   1278.3139;    325.7622;       7.0;
270;7;   1351.4803;    432.8408;       7.0;
271;7;   1721.6648;    390.7571;       7.0;
272;7;   1299.6561;    345.9144;       7.0;
273;7;   1685.3643;    345.8396;       7.0;
274;7;   1427.6454;    340.9149;       7.0;
275;7;   1086.6179;    257.2306;       7.0;
276;7;   1532.8162;    409.7826;       7.0;
277;7;   1560.8460;    389.7269;       7.0;
278;7;   1448.1616;    272.3379;       7.0;
279;7;   1688.5778;    415.6133;       7.0;
280;7;   1953.4855;    403.6974;       7.0;
281;7;   1696.0596;    456.6673;       7.0;
282;7;   1348.6854;    307.3725;       7.0;
283;7;   1396.5140;    367.7976;       7.0;
284;7;   1759.5517;    382.9041;       7.0;
285;7;   1094.4889;    305.5875;       7.0;
286;7;   1834.5690;    312.9659;       7.0;
287;7;   1166.3387;    261.0730;       7.0;
288;7;   1552.0872;    414.4444;       7.0;
289;7;   1096.0928;    250.1998;       7.0;
290;7;   1198.4304;    314.0589;       7.0;
291;7;   1517.0169;    396.2823;       7.0;
292;7;   1923.0758;    471.4302;       7.0;
293;7;   1241.4289;    360.1002;       7.0;
294;7;   1420.0882;    345.9783;       7.0;
295;7;   1609.4770;    323.0899;       7.0;
296;7;   1484.9196;    321.7580;       7.0;
297;7;   1682.3540;    349.5387;       7.0;
298;7;   1564.3600;    369.0884;       7.0;
299;7;   1367.6105;    308.9683;       7.0;
300;7;   1455.7336;    386.9968;       7.0;
301;7;   1640.9461;    335.1401;       7.0;
302;8;   1440.0793;    334.8309;       8.0;
303;8;   1661.1342;    433.5293;       8.0;
304;8;   1278.6628;    260.6531;       8.0;
305;8;   1361.0377;    269.3889;       8.0;
306;8;   1758.7612;    359.5174;       8.0;
307;8;   1746.5252;    354.8802;       8.0;
308;8;   1946.0956;    419.3986;       8.0;
309;8;   1991.2015;    386.3364;       8.0;
310;8;   1547.1737;    284.1620;       8.0;
311;8;   1554.2643;    321.6351;       8.0;
312;8;   1561.3679;    408.4135;       8.0;
313;8;   1754.5599;    441.3909;       8.0;
314;8;   1634.8844;    332.1884;       8.0;
315;8;   1587.5760;    400.0656;       8.0;
316;8;   1701.9838;    394.1156;       8.0;
317;8;   1174.5737;    232.5399;       8.0;
318;8;   1227.8530;    274.6477;       8.0;
319;8;   1829.5708;    303.4842;       8.0;
320;8;   1757.9678;    378.7533;       8.0;
321;8;   1561.2057;    428.7805;       8.0;
322;8;   1399.7332;    334.9177;       8.0;
323;8;   1724.1393;    321.6263;       8.0;
324;8;   2091.3443;    360.1002;       8.0;
325;8;   1927.7095;    386.9441;       8.0;
326;8;   1322.8941;    345.8992;       8.0;
327;8;   1315.6529;    296.9301;       8.0;
328;8;   1840.7630;    325.8528;       8.0;
329;8;   1603.6143;    345.8992;       8.0;
330;8;   1433.1469;    332.3521;       8.0;
331;8;   1402.2592;    297.7803;       8.0;
332;8;   1999.0018;    465.9554;       8.0;
333;8;   1419.6959;    364.5704;       8.0;
334;8;   1331.6934;    445.0407;       8.0;
335;8;   1683.3699;    339.3888;       8.0;
336;8;   1697.2214;    372.0587;       8.0;
337;8;   1996.9540;    390.3474;       8.0;
338;8;   1381.6727;    329.8372;       8.0;
339;8;   1983.2698;    418.2850;       8.0;
340;8;   1635.7545;    333.6827;       8.0;
341;8;   1487.6357;    368.4630;       8.0;
342;8;   2332.8272;    416.9071;       8.0;
343;8;   1830.0091;    350.5343;       8.0;
344;8;   1887.9181;    381.1827;       8.0;
345;9;   2186.7336;    413.4815;       9.0;
346;9;   1858.9257;    390.7571;       9.0;
347;9;   2004.5268;    380.5563;       9.0;
348;9;   1458.7465;    358.2369;       9.0;
349;9;   2030.6256;    369.1099;       9.0;
350;9;   1986.2979;    404.8951;       9.0;
351;9;   2130.7244;    384.5085;       9.0;
352;9;   2366.1023;    322.9200;       9.0;
353;9;   2076.0798;    313.9958;       9.0;
354;9;   2124.8828;    358.1134;       9.0;
355;9;   2525.2396;    452.4834;       9.0;
356;9;   2183.2871;    398.4746;       9.0;
357;9;   2139.1658;    440.6957;       9.0;
358;9;   1824.8884;    285.5067;       9.0;
359;9;   1843.0400;    320.0045;       9.0;
360;9;   1813.8472;    416.5671;       9.0;
361;9;   2308.3220;    434.2325;       9.0;
362;9;   1391.8029;    369.4827;       9.0;
363;9;   1918.0928;    454.5473;       9.0;
364;9;   1532.7336;    257.2239;       9.0;
365;9;   1968.3112;    395.8557;       9.0;
366;9;   2572.1594;    372.7079;       9.0;
367;9;   2120.3842;    327.8976;       9.0;
368;9;   1270.5000;    347.5578;       9.0;
369;9;   1426.6048;    344.0079;       9.0;
370;9;   1180.6053;    303.6440;       9.0;
371;9;   2528.6902;    376.2272;       9.0;
372;9;   2199.0034;    353.7503;       9.0;
373;9;   1802.2207;    389.9467;       9.0;
374;9;   1794.0689;    364.3208;       9.0;
375;9;   1571.1768;    345.8992;       9.0;
376;9;   2296.0845;    415.1398;       9.0;
377;9;   2312.4734;    350.1608;       9.0;
378;9;   1700.4925;    362.5062;       9.0;
379;9;   1884.5960;    376.6940;       9.0;
380;9;   2072.0204;    419.1931;       9.0;
381;9;   2099.7680;    404.8951;       9.0;
382;9;   2197.4459;    412.0938;       9.0;
383;9;   1785.7962;    340.8168;       9.0;
384;9;   2114.1758;    395.1010;       9.0;
385;9;   1701.3708;    361.9985;       9.0;
386;9;   1799.2582;    321.2665;       9.0;
387;9;   2353.9459;    378.9284;       9.0;
388;10;   1718.9126;    309.5257;      10.0;
389;10;   2278.2649;    341.5504;      10.0;
390;10;   2459.2871;    419.1931;      10.0;
391;10;   2181.9394;    387.9816;      10.0;
392;10;   2046.4401;    384.8896;      10.0;
393;10;   1537.0479;    294.7431;      10.0;
394;10;   2415.3638;    322.7526;      10.0;
395;10;   2392.0204;    322.1160;      10.0;
396;10;   1995.5800;    317.5481;      10.0;
397;10;   2111.8161;    439.9629;      10.0;
398;10;   2140.5049;    397.3916;      10.0;
399;10;   2377.9149;    434.3039;      10.0;
400;10;   1705.2577;    303.1760;      10.0;
401;10;   2207.1471;    414.8386;      10.0;
402;10;   2495.6243;    385.5758;      10.0;
403;10;   2349.0134;    355.1223;      10.0;
404;10;   2115.4031;    412.1370;      10.0;
405;10;   2220.7902;    345.8396;      10.0;
406;10;   2005.5487;    330.7856;      10.0;
407;10;   2555.9386;    347.1817;      10.0;
408;10;   2035.1310;    333.3061;      10.0;
409;10;   2121.6789;    324.2981;      10.0;
410;10;   1775.1227;    292.3891;      10.0;
411;10;   1857.5931;    325.3216;      10.0;
412;10;   2708.4072;    364.9342;      10.0;
413;10;   1725.3701;    362.0966;      10.0;
414;10;   2153.3875;    380.1072;      10.0;
415;10;   1688.8999;    323.5156;      10.0;
416;10;   2229.5752;    424.0485;      10.0;
417;10;   2306.2421;    309.8706;      10.0;
418;10;   2410.3034;    328.9181;      10.0;
419;10;   2163.9805;    397.9150;      10.0;
420;10;   2223.3573;    418.2441;      10.0;
421;10;   2557.7476;    439.0548;      10.0;
422;10;   2243.2193;    364.5704;      10.0;
423;10;   1952.1594;    386.5541;      10.0;
424;10;   1973.4722;    379.6824;      10.0;
425;10;   1992.9770;    370.2574;      10.0;
426;10;   2046.8798;    395.8557;      10.0;
427;10;   1898.2450;    372.5481;      10.0;
428;10;   1922.9235;    359.0800;      10.0;
429;10;   2068.2313;    376.5995;      10.0;
430;10;   2394.9756;    461.2804;      10.0;
431;11;   2044.9375;    458.3879;      11.0;
432;11;   2268.7629;    367.3599;      11.0;
433;11;   2481.3850;    443.9607;      11.0;
434;11;   2646.8522;    444.7102;      11.0;
435;11;   2473.8178;    428.7805;      11.0;
436;11;   1836.7566;    314.6426;      11.0;
437;11;   2806.5471;    412.1589;      11.0;
438;11;   2470.7900;    398.4746;      11.0;
439;11;   2901.4182;    402.6472;      11.0;
440;11;   2899.8867;    463.1426;      11.0;
441;11;   2159.6973;    347.6402;      11.0;
442;11;   2679.2519;    421.1602;      11.0;
443;11;   2023.5661;    313.6454;      11.0;
444;11;   2215.3986;    424.3926;      11.0;
445;11;   2657.1876;    441.5944;      11.0;
446;11;   2797.1256;    408.9155;      11.0;
447;11;   2572.9885;    338.9803;      11.0;
448;11;   2566.9886;    396.1975;      11.0;
449;11;   2890.6090;    325.7159;      11.0;
450;11;   2741.8875;    352.4805;      11.0;
451;11;   2613.6753;    419.3986;      11.0;
452;11;   1501.9464;    329.0120;      11.0;
453;11;   1890.8734;    317.6496;      11.0;
454;11;   2373.2712;    351.5723;      11.0;
455;11;   2261.3820;    434.2513;      11.0;
456;11;   2708.4671;    399.6373;      11.0;
457;11;   2434.3106;    433.0636;      11.0;
458;11;   2648.2403;    469.2697;      11.0;
459;11;   2393.7394;    387.8722;      11.0;
460;11;   2786.7119;    371.4082;      11.0;
461;11;   2792.2943;    435.4980;      11.0;
462;11;   2209.5941;    387.0734;      11.0;
463;11;   2544.5255;    440.2372;      11.0;
464;11;   2551.7722;    344.9685;      11.0;
465;11;   2295.5693;    377.8852;      11.0;
466;11;   2206.0122;    430.8025;      11.0;
467;11;   2096.0626;    280.5812;      11.0;
468;11;   2261.2441;    386.9968;      11.0;
469;11;   2160.2164;    333.0109;      11.0;
470;11;   2383.6437;    456.3695;      11.0;
471;11;   2072.2318;    381.1656;      11.0;
472;11;   2634.4234;    448.7019;      11.0;
473;11;   1967.6573;    330.3347;      11.0;
474;12;   2869.0463;    417.2052;      12.0;
475;12;   2227.6524;    464.9152;      12.0;
476;12;   2904.7366;    416.7911;      12.0;
477;12;   2964.8565;    407.9520;      12.0;
478;12;   2387.6482;    348.2585;      12.0;
479;12;   2314.5962;    442.5389;      12.0;
480;12;   3241.0173;    419.1931;      12.0;
481;12;   2883.8739;    333.0537;      12.0;
482;12;   2926.3332;    375.9639;      12.0;
483;12;   2831.1605;    367.3599;      12.0;
484;12;   2463.7792;    339.6949;      12.0;
485;12;   2956.9915;    454.9415;      12.0;
486;12;   2801.2982;    430.5979;      12.0;
487;12;   3621.5680;    414.4444;      12.0;
488;12;   2243.8297;    386.9968;      12.0;
489;12;   2932.1110;    487.6641;      12.0;
490;12;   2262.0066;    303.5104;      12.0;
491;12;   2470.4649;    372.5949;      12.0;
492;12;   1956.8365;    361.6821;      12.0;
493;12;   2330.2350;    406.0046;      12.0;
494;12;   2662.6205;    348.3770;      12.0;
495;12;   2905.8297;    414.4444;      12.0;
496;12;   2472.2325;    470.4786;      12.0;
497;12;   2377.1371;    410.8292;      12.0;
498;12;   1997.6716;    389.5577;      12.0;
499;12;   2204.6941;    296.5103;      12.0;
500;12;   2375.4868;    375.0557;      12.0;
501;12;   2286.1011;    317.3673;      12.0;
502;12;   2856.6320;    379.4855;      12.0;
503;12;   2497.2552;    378.9284;      12.0;
504;12;   2717.5795;    441.4510;      12.0;
505;12;   2825.1128;    439.5861;      12.0;
506;12;   2521.4295;    344.0212;      12.0;
507;12;   2016.1096;    437.8124;      12.0;
508;12;   2148.7633;    376.9910;      12.0;
509;12;   2812.6092;    402.8621;      12.0;
510;12;   2863.4079;    399.8732;      12.0;
511;12;   2874.4575;    368.3118;      12.0;
512;12;   2521.3404;    301.3292;      12.0;
513;12;   2318.7458;    325.8705;      12.0;
514;12;   2776.2416;    381.2955;      12.0;
515;12;   2886.0616;    387.7119;      12.0;
516;12;   2208.8933;    267.5207;      12.0;
517;13;   2673.3344;    391.3100;      13.0;
518;13;   2460.3781;    379.7030;      13.0;
519;13;   3284.5970;    471.2152;      13.0;
520;13;   2957.6595;    440.3014;      13.0;
521;13;   2833.1121;    362.8712;      13.0;
522;13;   2121.4220;    415.9990;      13.0;
523;13;   2787.7131;    448.5478;      13.0;
524;13;   2329.9315;    419.1931;      13.0;
525;13;   3319.6167;    391.5479;      13.0;
526;13;   3009.5240;    350.6329;      13.0;
527;13;   2884.0819;    427.8176;      13.0;
528;13;   2484.7189;    370.6076;      13.0;
529;13;   2825.0976;    373.2664;      13.0;
530;13;   2779.6056;    332.6446;      13.0;
531;13;   2507.6925;    433.3957;      13.0;
532;13;   3158.7570;    396.4354;      13.0;
533;13;   2227.2388;    387.0734;      13.0;
534;13;   2566.8374;    447.1389;      13.0;
535;13;   2875.5256;    397.2452;      13.0;
536;13;   2548.6246;    392.6095;      13.0;
537;13;   2685.2045;    398.4032;      13.0;
538;13;   3646.6577;    492.6093;      13.0;
539;13;   2816.4595;    372.5949;      13.0;
540;13;   3161.4647;    428.0618;      13.0;
541;13;   3254.7776;    477.8869;      13.0;
542;13;   2628.7863;    373.4495;      13.0;
543;13;   3173.7374;    443.7116;      13.0;
544;13;   2059.3262;    324.8420;      13.0;
545;13;   2141.7797;    351.1378;      13.0;
546;13;   3243.0960;    378.2878;      13.0;
547;13;   2976.6588;    348.0842;      13.0;
548;13;   1889.5953;    255.6254;      13.0;
549;13;   2843.7286;    388.4868;      13.0;
550;13;   2365.8127;    453.5844;      13.0;
551;13;   2267.7606;    334.6508;      13.0;
552;13;   2729.4561;    383.5230;      13.0;
553;13;   3526.0861;    451.0391;      13.0;
554;13;   3794.8820;    442.4990;      13.0;
555;13;   2750.9138;    385.5620;      13.0;
556;13;   2716.9817;    411.4974;      13.0;
557;13;   3079.1826;    402.8229;      13.0;
558;13;   2942.8428;    419.3986;      13.0;
559;13;   2613.2115;    348.9990;      13.0;
560;14;   2824.4588;    381.2955;      14.0;
561;14;   3088.5261;    456.3695;      14.0;
562;14;   3051.3984;    388.2690;      14.0;
563;14;   2566.7831;    398.8597;      14.0;
564;14;   3639.5073;    430.1657;      14.0;
565;14;   2788.2337;    397.0570;      14.0;
566;14;   3299.1807;    416.5671;      14.0;
567;14;   2839.2011;    441.5944;      14.0;
568;14;   3212.8492;    336.2709;      14.0;
569;14;   2723.3705;    356.6421;      14.0;
570;14;   2594.3435;    368.9833;      14.0;
571;14;   3353.3450;    419.1931;      14.0;
572;14;   2513.8259;    454.5473;      14.0;
573;14;   2905.1630;    368.3964;      14.0;
574;14;   3914.4291;    476.9240;      14.0;
575;14;   3128.8094;    342.1480;      14.0;
576;14;   2866.1808;    346.6739;      14.0;
577;14;   2933.7761;    420.2898;      14.0;
578;14;   3466.3067;    387.7119;      14.0;
579;14;   3617.9334;    415.1398;      14.0;
580;14;   3205.2527;    377.5371;      14.0;
581;14;   2465.6456;    369.4827;      14.0;
582;14;   2802.5628;    384.4311;      14.0;
583;14;   2735.3672;    395.4809;      14.0;
584;14;   3261.2164;    397.6465;      14.0;
585;14;   2787.2973;    344.6061;      14.0;
586;14;   2539.4472;    395.5964;      14.0;
587;14;   3270.5346;    367.3599;      14.0;
588;14;   3011.1064;    313.6792;      14.0;
589;14;   2807.4747;    313.9308;      14.0;
590;14;   3088.7430;    317.4967;      14.0;
591;14;   2749.9437;    423.4536;      14.0;
592;14;   3502.2191;    492.6635;      14.0;
593;14;   2576.8056;    393.6319;      14.0;
594;14;   3827.1330;    422.6417;      14.0;
595;14;   2783.7521;    345.1500;      14.0;
596;14;   2850.2998;    429.8554;      14.0;
597;14;   2717.1966;    386.0339;      14.0;
598;14;   2844.0014;    391.5479;      14.0;
599;14;   2419.6398;    358.9456;      14.0;
600;14;   2676.7609;    383.5230;      14.0;
601;14;   2998.9141;    428.7805;      14.0;
602;14;   2910.8736;    407.6225;      14.0;
603;15;   3687.0888;    407.1774;      15.0;
604;15;   3196.5710;    420.2577;      15.0;
605;15;   2918.2818;    345.8992;      15.0;
606;15;   4134.0595;    419.4909;      15.0;
607;15;   2850.8957;    331.2319;      15.0;
608;15;   3112.7972;    317.4967;      15.0;
609;15;   2722.2913;    398.7302;      15.0;
610;15;   2597.2535;    284.5521;      15.0;
611;15;   3475.8055;    376.5995;      15.0;
612;15;   3030.1912;    388.1298;      15.0;
613;15;   2846.1214;    412.7472;      15.0;
614;15;   2971.4461;    433.0636;      15.0;
615;15;   3578.1738;    350.6706;      15.0;
616;15;   3140.1895;    359.4298;      15.0;
617;15;   2811.0440;    387.4071;      15.0;
618;15;   3261.5953;    359.0215;      15.0;
619;15;   3262.5442;    392.0552;      15.0;
620;15;   3909.0193;    410.8714;      15.0;
621;15;   3458.1830;    428.9832;      15.0;
622;15;   3340.6388;    407.4628;      15.0;
623;15;   3115.3932;    446.3520;      15.0;
624;15;   3008.8147;    335.6661;      15.0;
625;15;   3431.2964;    394.2034;      15.0;
626;15;   3219.6137;    360.1524;      15.0;
627;15;   3189.4074;    354.6471;      15.0;
628;15;   3781.6756;    445.9488;      15.0;
629;15;   2906.6975;    380.7723;      15.0;
630;15;   3420.6603;    343.9754;      15.0;
631;15;   3595.1386;    469.7474;      15.0;
632;15;   3439.6878;    334.6508;      15.0;
633;15;   3135.6407;    326.5614;      15.0;
634;15;   3515.6454;    441.1497;      15.0;
635;15;   3707.4097;    401.9940;      15.0;
636;15;   3670.9089;    461.8720;      15.0;
637;15;   2949.6668;    466.9336;      15.0;
638;15;   3235.4949;    435.2142;      15.0;
639;15;   3428.3086;    368.9833;      15.0;
640;15;   3655.2466;    456.8689;      15.0;
641;15;   2883.9932;    462.3945;      15.0;
642;15;   3663.1562;    439.1093;      15.0;
643;15;   3079.3399;    418.3634;      15.0;
644;15;   3393.9673;    363.1357;      15.0;
645;15;   3601.0039;    390.7333;      15.0;
646;16;   3726.7000;    351.4060;      16.0;
647;16;   3672.5254;    435.2142;      16.0;
648;16;   3436.8265;    403.5302;      16.0;
649;16;   3682.3798;    465.4349;      16.0;
650;16;   2981.6642;    397.6255;      16.0;
651;16;   3439.8577;    375.9549;      16.0;
652;16;   3191.4123;    316.9578;      16.0;
653;16;   3257.0932;    407.4251;      16.0;
654;16;   3732.4209;    409.6984;      16.0;
655;16;   3185.6744;    373.3734;      16.0;
656;16;   3230.0162;    345.3084;      16.0;
657;16;   2975.9222;    386.0990;      16.0;
658;16;   3236.3564;    380.7313;      16.0;
659;16;   3347.6740;    355.2762;      16.0;
660;16;   3659.5836;    437.8124;      16.0;
661;16;   3544.9526;    460.7641;      16.0;
662;16;   3722.9192;    414.8386;      16.0;
663;16;   3702.4177;    381.5920;      16.0;
664;16;   3794.1705;    414.2561;      16.0;
665;16;   4226.0103;    424.6117;      16.0;
666;16;   3340.2971;    408.4011;      16.0;
667;16;   3591.2859;    360.9136;      16.0;
668;16;   3752.5941;    336.5106;      16.0;
669;16;   3516.2116;    377.9513;      16.0;
670;16;   3036.7636;    401.4935;      16.0;
671;16;   3261.5032;    431.9544;      16.0;
672;16;   3867.6334;    382.1295;      16.0;
673;16;   4311.5144;    429.8554;      16.0;
674;16;   3302.3110;    414.4444;      16.0;
675;16;   3975.3479;    426.4638;      16.0;
676;16;   2799.2792;    393.6319;      16.0;
677;16;   3557.1458;    433.5293;      16.0;
678;16;   3250.7700;    323.9244;      16.0;
679;16;   3356.8631;    439.3482;      16.0;
680;16;   4094.3365;    464.9152;      16.0;
681;16;   3901.4541;    399.3021;      16.0;
682;16;   3865.6320;    396.2609;      16.0;
683;16;   3683.8366;    435.6085;      16.0;
684;16;   3314.6052;    405.8136;      16.0;
685;16;   2870.6706;    373.5994;      16.0;
686;16;   3428.2719;    419.5301;      16.0;
687;16;   3041.5280;    379.2957;      16.0;
688;16;   2992.4944;    349.3229;      16.0;
689;17;   2954.3179;    370.2522;      17.0;
690;17;   3761.3279;    463.0930;      17.0;
691;17;   3973.6623;    397.9997;      17.0;
692;17;   3196.0474;    360.0839;      17.0;
693;17;   3904.7631;    435.8820;      17.0;
694;17;   3593.3545;    445.7110;      17.0;
695;17;   3803.1220;    343.2784;      17.0;
696;17;   3862.7994;    365.9029;      17.0;
697;17;   4084.1294;    436.1052;      17.0;
698;17;   2849.0288;    314.7439;      17.0;
699;17;   4057.6014;    393.2170;      17.0;
700;17;   3364.4978;    448.4365;      17.0;
701;17;   3595.8237;    372.8163;      17.0;
702;17;   3355.1351;    330.5056;      17.0;
703;17;   3971.2334;    409.7826;      17.0;
704;17;   3875.3831;    368.9833;      17.0;
705;17;   3126.6052;    369.8296;      17.0;
706;17;   3622.0938;    445.4485;      17.0;
707;17;   3396.5884;    352.7764;      17.0;
708;17;   3505.2413;    446.7234;      17.0;
709;17;   3383.5729;    435.6085;      17.0;
710;17;   3761.2727;    396.4354;      17.0;
711;17;   4329.0824;    407.0203;      17.0;
712;17;   3873.4818;    407.9103;      17.0;
713;17;   4223.6052;    413.5236;      17.0;
714;17;   3582.3049;    429.9673;      17.0;
715;17;   3750.3125;    467.9461;      17.0;
716;17;   3907.1127;    384.0654;      17.0;
717;17;   3064.9499;    386.4840;      17.0;
718;17;   3270.0220;    378.4189;      17.0;
719;17;   4156.1563;    459.2960;      17.0;
720;17;   3207.7182;    336.0665;      17.0;
721;17;   3234.9975;    316.5641;      17.0;
722;17;   3835.6891;    402.6242;      17.0;
723;17;   2748.9330;    387.8712;      17.0;
724;17;   3569.9513;    455.4404;      17.0;
725;17;   3662.5772;    397.1596;      17.0;
726;17;   3054.0242;    349.5033;      17.0;
727;17;   3966.6865;    429.2456;      17.0;
728;17;   4188.4982;    454.3590;      17.0;
729;17;   4075.2251;    363.3468;      17.0;
730;17;   3826.1546;    408.8452;      17.0;
731;17;   3093.2395;    389.6494;      17.0;
732;18;   3431.4226;    407.4628;      18.0;
733;18;   4122.3959;    405.4308;      18.0;
734;18;   3515.6786;    351.1483;      18.0;
735;18;   4104.7926;    481.5832;      18.0;
736;18;   4213.5024;    389.3807;      18.0;
737;18;   4294.9606;    371.8397;      18.0;
738;18;   3606.5903;    358.1134;      18.0;
739;18;   4430.2994;    463.3390;      18.0;
740;18;   3720.7344;    419.5970;      18.0;
741;18;   4342.3606;    389.9467;      18.0;
742;18;   2945.9268;    374.2078;      18.0;
743;18;   3605.0306;    328.8973;      18.0;
744;18;   3928.9721;    397.2452;      18.0;
745;18;   3769.3704;    368.1394;      18.0;
746;18;   4026.0471;    438.0496;      18.0;
747;18;   3484.3922;    426.4511;      18.0;
748;18;   3587.3079;    389.9467;      18.0;
749;18;   3919.0788;    421.3282;      18.0;
750;18;   4527.5170;    467.2839;      18.0;
751;18;   3876.9882;    366.1383;      18.0;
752;18;   4064.8326;    377.1106;      18.0;
753;18;   3872.3610;    376.8401;      18.0;
754;18;   3875.3837;    396.2823;      18.0;
755;18;   3963.8381;    449.3992;      18.0;
756;18;   4076.5218;    420.7655;      18.0;
757;18;   3664.7806;    422.1722;      18.0;
758;18;   4053.5016;    349.4644;      18.0;
759;18;   3339.8108;    406.5157;      18.0;
760;18;   3648.1525;    381.4349;      18.0;
761;18;   3959.4726;    455.9608;      18.0;
762;18;   4080.0031;    411.6386;      18.0;
763;18;   3966.7022;    431.4490;      18.0;
764;18;   3910.6384;    396.7131;      18.0;
765;18;   3423.1793;    419.8862;      18.0;
766;18;   3352.3755;    323.8372;      18.0;
767;18;   3666.7037;    424.1799;      18.0;
768;18;   3988.6852;    385.9425;      18.0;
769;18;   3204.6251;    353.3099;      18.0;
770;18;   3103.6383;    405.8994;      18.0;
771;18;   3830.8544;    391.7455;      18.0;
772;18;   3953.9354;    419.0596;      18.0;
773;18;   4160.3521;    445.9246;      18.0;
774;18;   3878.4265;    451.1573;      18.0;
775;19;   4232.5808;    461.3906;      19.0;
776;19;   4379.7113;    425.4309;      19.0;
777;19;   4082.2369;    463.0930;      19.0;
778;19;   4209.2921;    453.4323;      19.0;
779;19;   4564.8878;    396.0475;      19.0;
780;19;   4480.5267;    451.5685;      19.0;
781;19;   3684.7926;    366.9676;      19.0;
782;19;   4840.1586;    461.2785;      19.0;
783;19;   4141.0464;    451.1573;      19.0;
784;19;   3906.4612;    372.7390;      19.0;
785;19;   3924.2861;    407.3555;      19.0;
786;19;   3512.1862;    350.7817;      19.0;
787;19;   4463.4634;    432.1007;      19.0;
788;19;   4196.3630;    430.5979;      19.0;
789;19;   4108.2137;    405.2423;      19.0;
790;19;   3888.6755;    452.7501;      19.0;
791;19;   3929.9754;    338.7272;      19.0;
792;19;   3679.6202;    379.1982;      19.0;
793;19;   3899.9432;    404.8951;      19.0;
794;19;   3770.6397;    405.8136;      19.0;
795;19;   4056.0088;    398.4746;      19.0;
796;19;   3646.2037;    320.9125;      19.0;
797;19;   4269.6975;    387.1532;      19.0;
798;19;   3459.5979;    371.2151;      19.0;
799;19;   4015.1278;    431.6927;      19.0;
800;19;   4470.7222;    413.3930;      19.0;
801;19;   4087.5653;    335.9147;      19.0;
802;19;   4593.8968;    463.0951;      19.0;
803;19;   3396.1302;    383.9317;      19.0;
804;19;   4796.9828;    481.1889;      19.0;
805;19;   3859.1815;    402.2404;      19.0;
806;19;   3790.1036;    372.5552;      19.0;
807;19;   3448.2206;    380.4935;      19.0;
808;19;   4181.8201;    433.3957;      19.0;
809;19;   3575.0150;    407.8729;      19.0;
810;19;   4589.2485;    431.3731;      19.0;
811;19;   4640.1403;    435.6085;      19.0;
812;19;   4288.9826;    453.5844;      19.0;
813;19;   3751.4287;    446.8843;      19.0;
814;19;   4519.9285;    456.9785;      19.0;
815;19;   4352.9025;    443.4380;      19.0;
816;19;   3931.3804;    453.5844;      19.0;
817;19;   4149.9864;    391.3746;      19.0;
818;20;   4176.6625;    471.3731;      20.0;
819;20;   4844.8368;    397.9055;      20.0;
820;20;   3831.3451;    389.1242;      20.0;
821;20;   4346.2552;    441.2001;      20.0;
822;20;   4100.8316;    376.9910;      20.0;
823;20;   4305.3144;    435.2142;      20.0;
824;20;   4705.1468;    372.8424;      20.0;
825;20;   4704.0579;    489.7550;      20.0;
826;20;   4225.7570;    385.4438;      20.0;
827;20;   4833.2288;    397.6875;      20.0;
828;20;   4573.7691;    407.4786;      20.0;
829;20;   5093.8858;    469.2263;      20.0;
830;20;   3878.3673;    417.4365;      20.0;
831;20;   4487.2538;    433.4579;      20.0;
832;20;   4117.3132;    329.9026;      20.0;
833;20;   4546.7852;    459.0575;      20.0;
834;20;   4663.5258;    344.1938;      20.0;
835;20;   4796.5398;    429.6890;      20.0;
836;20;   4424.3781;    419.4909;      20.0;
837;20;   4528.4075;    430.6027;      20.0;
838;20;   4599.0444;    395.2732;      20.0;
839;20;   3446.6966;    325.7501;      20.0;
840;20;   4177.0254;    381.3125;      20.0;
841;20;   5623.9920;    437.7902;      20.0;
842;20;   3812.2597;    465.9068;      20.0;
843;20;   4776.6102;    439.0589;      20.0;
844;20;   4057.9393;    426.1295;      20.0;
845;20;   4888.2459;    464.6024;      20.0;
846;20;   4062.8271;    344.6395;      20.0;
847;20;   4248.6799;    368.7650;      20.0;
848;20;   4547.1659;    385.9792;      20.0;
849;20;   4215.4211;    339.0320;      20.0;
850;20;   4221.0823;    433.8603;      20.0;
851;20;   4773.0634;    393.8778;      20.0;
852;20;   4155.8587;    396.3657;      20.0;
853;20;   5001.8981;    469.1052;      20.0;
854;20;   4165.8780;    392.6618;      20.0;
855;20;   4314.3717;    365.1162;      20.0;
856;20;   4714.7804;    427.8672;      20.0;
857;20;   5213.8694;    443.0959;      20.0;
858;20;   4479.3206;    457.7433;      20.0;
859;20;   4346.5730;    464.5995;      20.0;
860;20;   4534.7646;    389.9467;      20.0;
861;21;   3906.8631;    391.1373;      21.0;
862;21;   5024.3650;    422.3510;      21.0;
863;21;   5526.9814;    425.8379;      21.0;
864;21;   3981.8361;    433.5293;      21.0;
865;21;   5076.3703;    410.8670;      21.0;
866;21;   4195.7611;    365.0450;      21.0;
867;21;   4815.9310;    456.7976;      21.0;
868;21;   4990.9696;    404.3409;      21.0;
869;21;   5552.8861;    465.3169;      21.0;
870;21;   4051.5909;    441.3565;      21.0;
871;21;   4229.4893;    371.2439;      21.0;
872;21;   4021.3472;    394.9901;      21.0;
873;21;   5016.4861;    378.3961;      21.0;
874;21;   4217.6119;    364.9264;      21.0;
875;21;   3941.6161;    418.5661;      21.0;
876;21;   4520.4036;    386.7538;      21.0;
877;21;   3800.0911;    383.0844;      21.0;
878;21;   3992.4146;    419.6220;      21.0;
879;21;   5306.5441;    417.3103;      21.0;
880;21;   4321.7139;    458.3879;      21.0;
881;21;   3850.4282;    407.4628;      21.0;
882;21;   4586.1961;    413.0020;      21.0;
883;21;   3967.9484;    365.3816;      21.0;
884;21;   4728.3095;    443.0959;      21.0;
885;21;   4186.2980;    372.3721;      21.0;
886;21;   4830.5589;    481.7275;      21.0;
887;21;   4537.3415;    405.8476;      21.0;
888;21;   4751.1729;    390.0337;      21.0;
889;21;   4910.5145;    434.2513;      21.0;
890;21;   4317.2665;    350.3990;      21.0;
891;21;   4566.0239;    447.7925;      21.0;
892;21;   4892.0411;    456.6309;      21.0;
893;21;   4543.9950;    336.2486;      21.0;
894;21;   4858.1014;    467.8417;      21.0;
895;21;   4532.4544;    459.2960;      21.0;
896;21;   3781.3599;    410.4488;      21.0;
897;21;   4549.7461;    473.2315;      21.0;
898;21;   4222.9914;    360.7298;      21.0;
899;21;   5485.2054;    457.6982;      21.0;
900;21;   5747.4341;    492.4692;      21.0;
901;21;   4627.7005;    447.1389;      21.0;
902;21;   4976.7320;    464.1055;      21.0;
903;21;   4201.6879;    380.0729;      21.0;
904;22;   4921.1640;    395.2156;      22.0;
905;22;   5659.6488;    432.6211;      22.0;
906;22;   5079.9127;    366.5207;      22.0;
907;22;   4160.2621;    461.5552;      22.0;
908;22;   4566.6856;    436.4242;      22.0;
909;22;   4510.3301;    378.3759;      22.0;
910;22;   4224.9844;    404.5567;      22.0;
911;22;   4824.5061;    365.8236;      22.0;
912;22;   5121.0903;    444.0780;      22.0;
913;22;   3574.6651;    371.3508;      22.0;
914;22;   5390.6177;    485.3621;      22.0;
915;22;   4983.8378;    350.9354;      22.0;
916;22;   5344.1891;    442.4688;      22.0;
917;22;   5692.1958;    432.6405;      22.0;
918;22;   3972.5109;    441.5944;      22.0;
919;22;   5028.9432;    367.9210;      22.0;
920;22;   3960.0805;    302.7359;      22.0;
921;22;   5214.5147;    459.9684;      22.0;
922;22;   4724.3082;    393.6319;      22.0;
923;22;   4948.6992;    355.5415;      22.0;
924;22;   3806.4628;    317.2296;      22.0;
925;22;   5253.0777;    534.7497;      22.0;
926;22;   5971.8646;    394.1928;      22.0;
927;22;   5395.7417;    462.3945;      22.0;
928;22;   4781.5822;    470.6555;      22.0;
929;22;   5673.0844;    416.9071;      22.0;
930;22;   4664.7032;    384.3653;      22.0;
931;22;   4140.6192;    401.0858;      22.0;
932;22;   4739.6186;    390.7571;      22.0;
933;22;   4353.0594;    429.3442;      22.0;
934;22;   4344.5398;    359.1259;      22.0;
935;22;   5272.8091;    432.6211;      22.0;
936;22;   4797.8448;    424.0174;      22.0;
937;22;   5313.5599;    309.1416;      22.0;
938;22;   5107.9773;    416.9071;      22.0;
939;22;   4899.9059;    432.1007;      22.0;
940;22;   5502.9814;    388.2989;      22.0;
941;22;   4904.0903;    459.2960;      22.0;
942;22;   5193.1108;    419.1931;      22.0;
943;22;   5103.0656;    440.0989;      22.0;
944;22;   5000.7498;    429.4924;      22.0;
945;22;   5135.1024;    403.9263;      22.0;
946;22;   5230.3417;    442.5389;      22.0;
947;23;   5440.7510;    421.7538;      23.0;
948;23;   4982.5815;    459.2960;      23.0;
949;23;   4080.1425;    370.6076;      23.0;
950;23;   4461.9883;    421.7538;      23.0;
951;23;   5772.7723;    463.3026;      23.0;
952;23;   4355.0060;    396.1975;      23.0;
953;23;   4406.6965;    409.5019;      23.0;
954;23;   4758.4360;    402.8684;      23.0;
955;23;   5284.8797;    420.4114;      23.0;
956;23;   4705.8868;    391.3100;      23.0;
957;23;   4532.6789;    367.3937;      23.0;
958;23;   5559.3050;    402.9463;      23.0;
959;23;   4315.7786;    384.7662;      23.0;
960;23;   5382.0577;    375.5614;      23.0;
961;23;   5446.1218;    502.8015;      23.0;
962;23;   5430.5845;    449.8912;      23.0;
963;23;   5817.2113;    414.8499;      23.0;
964;23;   5216.2179;    386.8871;      23.0;
965;23;   5296.5594;    397.6395;      23.0;
966;23;   4477.7096;    417.5430;      23.0;
967;23;   5104.9998;    426.0729;      23.0;
968;23;   4798.9170;    401.2369;      23.0;
969;23;   3816.4536;    395.7766;      23.0;
970;23;   4712.4825;    408.3066;      23.0;
971;23;   4497.7799;    417.9194;      23.0;
972;23;   4624.2348;    433.0405;      23.0;
973;23;   5448.3972;    389.4484;      23.0;
974;23;   4339.6230;    425.2689;      23.0;
975;23;   4710.7982;    379.1416;      23.0;
976;23;   5044.2275;    407.0308;      23.0;
977;23;   4259.2120;    418.5661;      23.0;
978;23;   5842.9135;    412.5527;      23.0;
979;23;   5533.5083;    462.1301;      23.0;
980;23;   4691.6033;    488.2826;      23.0;
981;23;   5600.9956;    436.3831;      23.0;
982;23;   4710.3360;    326.4504;      23.0;
983;23;   4508.0311;    483.5932;      23.0;
984;23;   4605.6969;    479.3149;      23.0;
985;23;   4864.2874;    390.8374;      23.0;
986;23;   5289.2372;    489.0113;      23.0;
987;23;   4604.4932;    368.5723;      23.0;
988;23;   5491.6755;    426.2756;      23.0;
989;23;   5780.1470;    413.2388;      23.0;
990;24;   4799.2876;    358.9001;      24.0;
991;24;   5003.2291;    410.8080;      24.0;
992;24;   5377.5875;    356.0535;      24.0;
993;24;   5369.7693;    453.5481;      24.0;
994;24;   5332.7137;    394.7356;      24.0;
995;24;   5317.5728;    391.1374;      24.0;
996;24;   5573.1771;    432.9752;      24.0;
997;24;   5817.2451;    504.7949;      24.0;
998;24;   5774.3969;    406.2692;      24.0;
999;24;   5961.2094;    427.2252;      24.0;
1000;24;   5324.5681;    463.3308;      24.0;
1001;24;   5424.5094;    449.0039;      24.0;
1002;24;   4736.6894;    458.3879;      24.0;
1003;24;   5255.6811;    439.3386;      24.0;
1004;24;   4423.1691;    390.8374;      24.0;
1005;24;   5588.8987;    384.4018;      24.0;
1006;24;   4168.7526;    357.6000;      24.0;
1007;24;   5636.0236;    440.8374;      24.0;
1008;24;   5454.9338;    452.1202;      24.0;
1009;24;   5297.8637;    358.1134;      24.0;
1010;24;   5293.5991;    483.1555;      24.0;
1011;24;   4952.1628;    419.5301;      24.0;
1012;24;   4656.5616;    400.0656;      24.0;
1013;24;   5403.3801;    420.0135;      24.0;
1014;24;   5672.9576;    449.2936;      24.0;
1015;24;   4796.3229;    416.5678;      24.0;
1016;24;   5574.3006;    496.2226;      24.0;
1017;24;   5309.5057;    412.0938;      24.0;
1018;24;   6203.1664;    433.8969;      24.0;
1019;24;   5300.5779;    419.5963;      24.0;
1020;24;   5043.4578;    455.3634;      24.0;
1021;24;   4448.4673;    436.1759;      24.0;
1022;24;   4549.2987;    379.1283;      24.0;
1023;24;   5580.7242;    435.4012;      24.0;
1024;24;   6154.2714;    419.2032;      24.0;
1025;24;   4651.5153;    394.7500;      24.0;
1026;24;   5590.9308;    459.1098;      24.0;
1027;24;   5272.5569;    387.3911;      24.0;
1028;24;   5639.9721;    444.7102;      24.0;
1029;24;   5013.7575;    460.7964;      24.0;
1030;24;   6007.1002;    444.7809;      24.0;
1031;24;   5542.2198;    488.2747;      24.0;
1032;24;   5500.3270;    412.1584;      24.0;
1033;25;   5465.9414;    457.0135;      25.0;
1034;25;   6496.5560;    475.8457;      25.0;
1035;25;   5695.2098;    435.9888;      25.0;
1036;25;   5790.4436;    465.4421;      25.0;
1037;25;   5839.4119;    422.6346;      25.0;
1038;25;   6326.1063;    417.4146;      25.0;
1039;25;   5247.3701;    412.1584;      25.0;
1040;25;   6016.1165;    463.3308;      25.0;
1041;25;   5487.1450;    469.1550;      25.0;
1042;25;   5416.8487;    468.8542;      25.0;
1043;25;   5140.6133;    325.7501;      25.0;
1044;25;   6080.6545;    457.5722;      25.0;
1045;25;   6216.8075;    426.1626;      25.0;
1046;25;   5739.6124;    400.6696;      25.0;
1047;25;   5392.3546;    419.4775;      25.0;
1048;25;   5415.3271;    464.5209;      25.0;
1049;25;   5430.9468;    408.1016;      25.0;
1050;25;   5977.6893;    444.5507;      25.0;
1051;25;   4982.4774;    408.6654;      25.0;
1052;25;   4742.6212;    411.9701;      25.0;
1053;25;   5496.3176;    449.4132;      25.0;
1054;25;   5796.9855;    380.3887;      25.0;
1055;25;   5078.2551;    442.2730;      25.0;
1056;25;   5033.1023;    412.5527;      25.0;
1057;25;   5456.7566;    490.3368;      25.0;
1058;25;   6212.6925;    468.7388;      25.0;
1059;25;   5291.1383;    409.9419;      25.0;
1060;25;   4910.8964;    418.1615;      25.0;
1061;25;   4274.2927;    360.1757;      25.0;
1062;25;   5635.6769;    418.5661;      25.0;
1063;25;   5959.3193;    468.8806;      25.0;
1064;25;   5297.5733;    407.1175;      25.0;
1065;25;   5204.0478;    404.8951;      25.0;
1066;25;   5610.7368;    376.4283;      25.0;
1067;25;   5153.3331;    468.9588;      25.0;
1068;25;   6260.7343;    388.1836;      25.0;
1069;25;   5058.0162;    440.4568;      25.0;
1070;25;   4761.7152;    429.6193;      25.0;
1071;25;   5638.3643;    408.6365;      25.0;
1072;25;   5454.8342;    413.0020;      25.0;
1073;25;   5882.0379;    361.6290;      25.0;
1074;25;   5083.4909;    356.8488;      25.0;
1075;25;   6188.3936;    389.8345;      25.0;
1076;26;   6187.5108;    328.3191;      26.0;
1077;26;   5385.6310;    336.0557;      26.0;
1078;26;   5932.6804;    454.5473;      26.0;
1079;26;   4773.2452;    404.6922;      26.0;
1080;26;   5441.7331;    420.1733;      26.0;
1081;26;   5793.9169;    402.9508;      26.0;
1082;26;   5531.3847;    465.0424;      26.0;
1083;26;   4655.6690;    439.2344;      26.0;
1084;26;   6197.0275;    459.2960;      26.0;
1085;26;   5598.8086;    495.6246;      26.0;
1086;26;   5504.2262;    428.1822;      26.0;
1087;26;   6388.1733;    470.9941;      26.0;
1088;26;   5482.1534;    400.0767;      26.0;
1089;26;   5771.0255;    365.1283;      26.0;
1090;26;   6238.6862;    462.1921;      26.0;
1091;26;   5379.4296;    458.0953;      26.0;
1092;26;   5756.5682;    463.5984;      26.0;
1093;26;   5566.0123;    462.1105;      26.0;
1094;26;   6540.6364;    463.5580;      26.0;
1095;26;   5932.4817;    396.4312;      26.0;
1096;26;   6591.7842;    420.3047;      26.0;
1097;26;   5457.1751;    378.7195;      26.0;
1098;26;   5416.0281;    346.3345;      26.0;
1099;26;   5753.4165;    434.4271;      26.0;
1100;26;   5891.2909;    443.4818;      26.0;
1101;26;   4995.5438;    438.3772;      26.0;
1102;26;   5735.6838;    389.3602;      26.0;
1103;26;   5904.9215;    471.4968;      26.0;
1104;26;   5941.8273;    376.9910;      26.0;
1105;26;   5474.8726;    357.2710;      26.0;
1106;26;   5820.9472;    388.2989;      26.0;
1107;26;   5120.9815;    424.2054;      26.0;
1108;26;   6088.0049;    472.4193;      26.0;
1109;26;   6098.4731;    458.0953;      26.0;
1110;26;   5813.0225;    437.2720;      26.0;
1111;26;   5546.3030;    409.3736;      26.0;
1112;26;   6034.7464;    447.7848;      26.0;
1113;26;   5338.5436;    415.9990;      26.0;
1114;26;   5711.5833;    425.4055;      26.0;
1115;26;   5277.5588;    436.5084;      26.0;
1116;26;   5813.4854;    360.3128;      26.0;
1117;26;   5767.1125;    428.2429;      26.0;
1118;26;   5287.1179;    419.0848;      26.0;
1119;27;   5821.4733;    400.4730;      27.0;
1120;27;   6054.8360;    416.9071;      27.0;
1121;27;   6241.6477;    395.5372;      27.0;
1122;27;   6911.0964;    455.2368;      27.0;
1123;27;   6271.4328;    397.9150;      27.0;
1124;27;   5832.5831;    389.9144;      27.0;
1125;27;   6401.5714;    412.1744;      27.0;
1126;27;   5440.7132;    439.8411;      27.0;
1127;27;   6108.8151;    496.9926;      27.0;
1128;27;   6032.8889;    475.1228;      27.0;
1129;27;   5761.4292;    338.9803;      27.0;
1130;27;   6059.9933;    470.9275;      27.0;
1131;27;   5910.7751;    436.6122;      27.0;
1132;27;   6573.8074;    403.2957;      27.0;
1133;27;   5445.9387;    415.9700;      27.0;
1134;27;   6001.8581;    416.9715;      27.0;
1135;27;   5579.3315;    397.6395;      27.0;
1136;27;   5921.5203;    426.8468;      27.0;
1137;27;   7247.6094;    484.2077;      27.0;
1138;27;   5729.6184;    373.3299;      27.0;
1139;27;   5233.1158;    371.3240;      27.0;
1140;27;   5752.3881;    461.7009;      27.0;
1141;27;   5779.8206;    458.4244;      27.0;
1142;27;   5762.9577;    458.0589;      27.0;
1143;27;   4884.8753;    457.1139;      27.0;
1144;27;   5171.6453;    353.3208;      27.0;
1145;27;   5726.2426;    390.1745;      27.0;
1146;27;   6773.5864;    457.1232;      27.0;
1147;27;   6129.0038;    385.4801;      27.0;
1148;27;   5849.6521;    459.9053;      27.0;
1149;27;   5927.2277;    400.9901;      27.0;
1150;27;   4404.1494;    347.8568;      27.0;
1151;27;   6277.1383;    454.9415;      27.0;
1152;27;   6252.6044;    446.5026;      27.0;
1153;27;   5543.0469;    356.4295;      27.0;
1154;27;   6322.0642;    420.3800;      27.0;
1155;27;   5845.6040;    463.4936;      27.0;
1156;27;   5505.9772;    432.6211;      27.0;
1157;27;   6402.7501;    387.2894;      27.0;
1158;27;   6451.2710;    379.9536;      27.0;
1159;27;   5643.1797;    473.8498;      27.0;
1160;27;   6328.2874;    377.1409;      27.0;
1161;27;   6190.2149;    402.4286;      27.0;
1162;28;   6558.5347;    434.2953;      28.0;
1163;28;   6008.8041;    373.5110;      28.0;
1164;28;   7481.7238;    468.3615;      28.0;
1165;28;   6015.7389;    423.4976;      28.0;
1166;28;   5721.6865;    378.7195;      28.0;
1167;28;   6353.0780;    399.5294;      28.0;
1168;28;   5569.8003;    446.3965;      28.0;
1169;28;   6334.5966;    522.0773;      28.0;
1170;28;   6250.3853;    410.7678;      28.0;
1171;28;   6138.4098;    434.1078;      28.0;
1172;28;   5507.1384;    415.1066;      28.0;
1173;28;   5445.8450;    464.6760;      28.0;
1174;28;   5538.6806;    471.0587;      28.0;
1175;28;   6516.0372;    416.0167;      28.0;
1176;28;   5625.6638;    399.5131;      28.0;
1177;28;   6326.8822;    409.5427;      28.0;
1178;28;   6622.0006;    543.3113;      28.0;
1179;28;   6147.4125;    404.8951;      28.0;
1180;28;   6238.7612;    384.4197;      28.0;
1181;28;   5450.5828;    376.7679;      28.0;
1182;28;   5685.3985;    403.2559;      28.0;
1183;28;   6943.3754;    427.8176;      28.0;
1184;28;   5598.4053;    454.2372;      28.0;
1185;28;   5955.0599;    454.4803;      28.0;
1186;28;   5261.1417;    417.7824;      28.0;
1187;28;   5850.5679;    378.7457;      28.0;
1188;28;   5967.8182;    369.2575;      28.0;
1189;28;   6443.2704;    387.3911;      28.0;
1190;28;   5528.1388;    409.7826;      28.0;
1191;28;   7158.3587;    460.9638;      28.0;
1192;28;   5617.7160;    465.7185;      28.0;
1193;28;   6728.5145;    457.3920;      28.0;
1194;28;   6191.5418;    419.1431;      28.0;
1195;28;   6131.9886;    435.3980;      28.0;
1196;28;   6577.5571;    470.7665;      28.0;
1197;28;   6816.6118;    391.3746;      28.0;
1198;28;   5806.5179;    453.5702;      28.0;
1199;28;   6348.6025;    446.9235;      28.0;
1200;28;   6173.4451;    400.5415;      28.0;
1201;28;   5853.1061;    413.9469;      28.0;
1202;28;   5971.9037;    470.2564;      28.0;
1203;28;   6819.8447;    398.0374;      28.0;
1204;28;   6664.4508;    398.0677;      28.0;
1205;29;   6531.5850;    389.8106;      29.0;
1206;29;   6046.9307;    396.7834;      29.0;
1207;29;   6474.8610;    390.9927;      29.0;
1208;29;   6791.6090;    390.3654;      29.0;
1209;29;   6794.6106;    465.8847;      29.0;
1210;29;   6763.5484;    434.3537;      29.0;
1211;29;   6082.8056;    373.3695;      29.0;
1212;29;   6583.7849;    424.0632;      29.0;
1213;29;   6248.2792;    445.4927;      29.0;
1214;29;   6877.7012;    429.2734;      29.0;
1215;29;   5647.7156;    467.0448;      29.0;
1216;29;   7029.3695;    446.7764;      29.0;
1217;29;   6140.8010;    583.4550;      29.0;
1218;29;   7157.1288;    472.8615;      29.0;
1219;29;   6190.5995;    405.6096;      29.0;
1220;29;   6751.1273;    404.3639;      29.0;
1221;29;   5419.2845;    417.4854;      29.0;
1222;29;   6656.0075;    407.9437;      29.0;
1223;29;   6400.3468;    439.9629;      29.0;
1224;29;   6899.2574;    438.8300;      29.0;
1225;29;   6863.2746;    412.5553;      29.0;
1226;29;   6255.3103;    489.8253;      29.0;
1227;29;   5945.1541;    363.4099;      29.0;
1228;29;   5982.7568;    415.5910;      29.0;
1229;29;   6299.0637;    429.5551;      29.0;
1230;29;   6681.8082;    408.6475;      29.0;
1231;29;   6226.0936;    488.2549;      29.0;
1232;29;   6455.6418;    393.4682;      29.0;
1233;29;   6024.3778;    446.1308;      29.0;
1234;29;   5994.3580;    421.7289;      29.0;
1235;29;   6278.4879;    488.5047;      29.0;
1236;29;   6379.6187;    500.9585;      29.0;
1237;29;   7373.1762;    493.8618;      29.0;
1238;29;   6619.7279;    381.6961;      29.0;
1239;29;   6623.8965;    414.6708;      29.0;
1240;29;   6244.0926;    402.5435;      29.0;
1241;29;   6486.4282;    441.5944;      29.0;
1242;29;   6501.7674;    372.3538;      29.0;
1243;29;   6074.8273;    456.9785;      29.0;
1244;29;   5809.5638;    453.5844;      29.0;
1245;29;   6627.8554;    450.4689;      29.0;
1246;29;   5912.9874;    396.2361;      29.0;
1247;29;   5439.5574;    454.8270;      29.0;
1248;30;   6568.9175;    471.9428;      30.0;
1249;30;   7234.0039;    377.0591;      30.0;
1250;30;   6955.9710;    439.9629;      30.0;
1251;30;   7146.2514;    443.3135;      30.0;
1252;30;   5701.5417;    373.7411;      30.0;
1253;30;   7167.3991;    433.5751;      30.0;
1254;30;   6922.6704;    434.6588;      30.0;
1255;30;   6322.4417;    508.2801;      30.0;
1256;30;   6259.8613;    455.8861;      30.0;
1257;30;   7231.1328;    475.5692;      30.0;
1258;30;   6335.2392;    441.9830;      30.0;
1259;30;   7226.8623;    478.6979;      30.0;
1260;30;   6559.5745;    449.7316;      30.0;
1261;30;   6589.2316;    440.9691;      30.0;
1262;30;   6154.2583;    361.1241;      30.0;
1263;30;   6412.2173;    439.9068;      30.0;
1264;30;   6988.2288;    455.8693;      30.0;
1265;30;   7979.9931;    451.5039;      30.0;
1266;30;         NaN;         NaN;      30.0;
1267;30;   6979.9356;    444.3938;      30.0;
1268;30;   7055.2230;    441.5459;      30.0;
1269;30;   6482.8428;    473.1573;      30.0;
1270;30;   5976.2643;    406.0683;      30.0;
1271;30;   6831.5344;    461.7016;      30.0;
1272;30;   6822.4279;    433.3041;      30.0;
1273;30;   7142.6129;    418.8224;      30.0;
1274;30;   6442.2009;    417.7816;      30.0;
1275;30;   6812.5826;    433.3957;      30.0;
1276;30;   6740.4688;    365.9029;      30.0;
1277;30;   7459.3602;    440.9622;      30.0;
1278;30;   6072.7888;    425.5588;      30.0;
1279;30;   6899.9848;    440.8715;      30.0;
1280;30;   6528.6910;    433.5293;      30.0;
1281;30;   6068.1204;    465.8988;      30.0;
1282;30;   6359.9034;    418.9709;      30.0;
1283;30;   6679.3427;    453.5844;      30.0;
1284;30;   6888.7216;    400.2921;      30.0;
1285;30;   6566.2927;    379.6824;      30.0;
1286;30;   6734.9184;    415.9144;      30.0;
1287;30;   6216.7819;    445.0905;      30.0;
1288;30;   7561.1119;    491.4562;      30.0;
1289;30;   7414.3347;    468.4826;      30.0;
1290;30;   7191.0575;    401.4658;      30.0;
1291;31;   7390.6404;    458.3879;      31.0;
1292;31;   7791.1645;    410.4478;      31.0;
1293;31;   7161.3496;    468.3615;      31.0;
1294;31;   6364.3165;    424.0296;      31.0;
1295;31;   7054.9079;    403.3974;      31.0;
1296;31;   6809.9244;    445.7679;      31.0;
1297;31;   7521.6522;    434.5352;      31.0;
1298;31;   7385.3922;    487.6641;      31.0;
1299;31;   6311.3189;    368.5723;      31.0;
1300;31;   6525.9167;    469.6207;      31.0;
1301;31;   7542.2243;    484.5125;      31.0;
1302;31;   7117.3536;    466.9336;      31.0;
1303;31;   7318.1099;    396.6802;      31.0;
1304;31;   6258.8792;    457.3920;      31.0;
1305;31;   6872.7467;    463.0520;      31.0;
1306;31;   6713.6838;    462.3367;      31.0;
1307;31;   6006.9373;    365.4785;      31.0;
1308;31;   7276.1565;    459.7104;      31.0;
1309;31;   7205.0182;    399.3021;      31.0;
1310;31;   6297.4725;    365.0740;      31.0;
1311;31;   5330.5792;    360.8749;      31.0;
1312;31;   7127.7655;    396.5718;      31.0;
1313;31;   6961.2885;    412.5527;      31.0;
1314;31;   6856.3796;    422.1807;      31.0;
1315;31;   6828.8096;    402.8885;      31.0;
1316;31;   6820.3548;    402.4669;      31.0;
1317;31;   6332.2787;    412.1957;      31.0;
1318;31;   7031.2480;    380.0767;      31.0;
1319;31;   6590.1008;    524.1281;      31.0;
1320;31;   7450.9574;    447.2264;      31.0;
1321;31;   7304.6662;    367.1524;      31.0;
1322;31;   6746.2674;    470.7302;      31.0;
1323;31;   6053.5319;    395.6938;      31.0;
1324;31;   7330.8183;    450.5523;      31.0;
1325;31;   6605.9423;    497.2368;      31.0;
1326;31;   7187.5360;    472.8776;      31.0;
1327;31;   5730.2416;    436.4010;      31.0;
1328;31;   6987.1988;    415.4790;      31.0;
1329;31;   6213.8746;    434.7659;      31.0;
1330;31;   6314.9435;    425.3229;      31.0;
1331;31;   6751.0421;    445.0407;      31.0;
1332;31;   7669.7264;    564.4864;      31.0;
1333;31;   7464.2989;    463.5580;      31.0;
1334;32;   7806.0912;    439.4111;      32.0;
1335;32;   7023.8287;    451.1007;      32.0;
1336;32;   6603.1906;    435.6793;      32.0;
1337;32;   7476.1549;    440.2372;      32.0;
1338;32;   7685.8415;    420.8762;      32.0;
1339;32;   7701.3223;    459.2960;      32.0;
1340;32;   7353.0231;    493.2793;      32.0;
1341;32;   7455.4784;    469.9357;      32.0;
1342;32;   6954.3222;    416.7736;      32.0;
1343;32;   7445.2155;    430.6249;      32.0;
1344;32;   7033.7098;    436.0338;      32.0;
1345;32;   7661.8007;    483.7012;      32.0;
1346;32;   6924.4530;    430.7387;      32.0;
1347;32;   7529.2191;    462.1286;      32.0;
1348;32;   6417.9661;    432.8047;      32.0;
1349;32;   7369.7169;    451.4723;      32.0;
1350;32;   6884.3724;    405.7224;      32.0;
1351;32;   7667.2839;    399.3021;      32.0;
1352;32;   7063.2731;    471.6095;      32.0;
1353;32;   7716.2690;    420.3298;      32.0;
1354;32;   7107.3514;    447.8559;      32.0;
1355;32;   7466.3382;    431.3782;      32.0;
1356;32;   6455.7518;    420.0205;      32.0;
1357;32;   6360.7637;    406.0796;      32.0;
1358;32;   6248.8810;    463.0930;      32.0;
1359;32;   7212.6806;    410.0461;      32.0;
1360;32;   6602.5677;    410.9641;      32.0;
1361;32;   6715.1760;    470.4786;      32.0;
1362;32;   7422.2962;    432.6211;      32.0;
1363;32;   6938.9610;    428.9093;      32.0;
1364;32;   7382.5227;    451.5219;      32.0;
1365;32;   7434.5641;    406.5157;      32.0;
1366;32;   7193.0983;    444.6644;      32.0;
1367;32;   7683.0628;    404.1120;      32.0;
1368;32;   7207.4062;    415.9990;      32.0;
1369;32;   7729.4662;    471.4302;      32.0;
1370;32;   7915.1586;    427.1407;      32.0;
1371;32;   7596.8745;    493.1520;      32.0;
1372;32;   6754.0413;    394.3958;      32.0;
1373;32;   7499.9638;    439.0735;      32.0;
1374;32;   6857.9929;    416.4711;      32.0;
1375;32;   7372.6717;    459.2960;      32.0;
1376;32;   6249.2404;    443.5913;      32.0;
1377;33;   6177.2670;    354.6471;      33.0;
1378;33;   7263.8737;    410.5572;      33.0;
1379;33;   8186.0134;    435.6059;      33.0;
1380;33;   7914.8646;    416.4711;      33.0;
1381;33;   7653.0797;    414.9516;      33.0;
1382;33;   6712.8715;    377.5334;      33.0;
1383;33;   7445.3840;    415.2100;      33.0;
1384;33;   7858.5864;    454.5824;      33.0;
1385;33;   7334.0156;    400.2155;      33.0;
1386;33;   6167.3878;    364.7402;      33.0;
1387;33;   7491.3609;    421.7161;      33.0;
1388;33;   7587.1176;    464.4775;      33.0;
1389;33;   7305.2320;    422.2215;      33.0;
1390;33;   7230.8824;    435.4012;      33.0;
1391;33;   7998.1027;    460.7239;      33.0;
1392;33;   7385.5608;    509.7087;      33.0;
1393;33;   7179.0845;    416.9964;      33.0;
1394;33;   7351.7517;    462.2751;      33.0;
1395;33;   7025.4116;    394.7500;      33.0;
1396;33;   6512.2572;    464.9340;      33.0;
1397;33;   7293.4365;    405.4308;      33.0;
1398;33;   6943.7447;    458.2889;      33.0;
1399;33;   7959.2597;    403.5699;      33.0;
1400;33;   7715.1731;    498.3831;      33.0;
1401;33;   7456.6665;    406.1307;      33.0;
1402;33;   7808.8744;    523.6412;      33.0;
1403;33;   7365.2463;    494.7736;      33.0;
1404;33;   7904.0868;    408.4858;      33.0;
1405;33;   6662.1477;    360.8908;      33.0;
1406;33;   6512.3164;    391.0534;      33.0;
1407;33;   7035.9736;    394.0785;      33.0;
1408;33;   7408.1115;    382.6890;      33.0;
1409;33;   7743.1388;    417.6122;      33.0;
1410;33;   6736.6887;    470.9563;      33.0;
1411;33;   7623.5048;    405.0927;      33.0;
1412;33;   7317.9800;    411.9737;      33.0;
1413;33;   7523.0677;    424.1772;      33.0;
1414;33;   7365.8901;    387.3911;      33.0;
1415;33;   6876.7538;    422.3374;      33.0;
1416;33;   6938.8636;    440.3661;      33.0;
1417;33;   6797.1220;    462.1301;      33.0;
1418;33;   7265.0382;    421.7021;      33.0;
1419;33;   7219.3603;    400.3048;      33.0;
1420;34;   5854.1957;    387.3902;      34.0;
1421;34;   7213.5151;    416.1022;      34.0;
1422;34;   8250.0671;    514.5074;      34.0;
1423;34;   7407.0760;    419.3986;      34.0;
1424;34;   7496.7319;    428.9568;      34.0;
1425;34;   8198.6217;    427.5861;      34.0;
1426;34;   7977.7177;    486.4822;      34.0;
1427;34;   7417.1978;    436.4142;      34.0;
1428;34;   7607.9970;    410.1231;      34.0;
1429;34;   7551.5635;    437.0439;      34.0;
1430;34;   7871.2406;    466.6532;      34.0;
1431;34;   7872.9241;    349.2366;      34.0;
1432;34;   6748.9964;    490.0048;      34.0;
1433;34;   8145.6370;    477.6845;      34.0;
1434;34;   7360.5123;    407.4786;      34.0;
1435;34;   8230.2082;    423.3021;      34.0;
1436;34;   7137.1096;    417.0203;      34.0;
1437;34;   5995.0027;    391.7455;      34.0;
1438;34;   8197.5455;    506.7665;      34.0;
1439;34;   6846.0304;    477.3152;      34.0;
1440;34;   8258.9980;    485.4987;      34.0;
1441;34;   8036.3565;    426.0128;      34.0;
1442;34;   7850.8622;    445.9488;      34.0;
1443;34;   7209.3530;    472.1771;      34.0;
1444;34;   8470.1555;    464.4142;      34.0;
1445;34;   8164.7990;    462.5379;      34.0;
1446;34;   7738.4908;    453.4359;      34.0;
1447;34;   7911.6626;    438.4370;      34.0;
1448;34;   8046.1467;    481.1889;      34.0;
1449;34;   7736.6482;    454.8671;      34.0;
1450;34;   7658.3485;    415.7927;      34.0;
1451;34;   7494.9878;    475.9640;      34.0;
1452;34;   6524.7823;    371.6094;      34.0;
1453;34;   7020.8864;    446.8232;      34.0;
1454;34;   7624.1143;    387.0722;      34.0;
1455;34;   7605.5544;    415.6548;      34.0;
1456;34;   7220.7013;    402.6472;      34.0;
1457;34;   7148.6678;    448.4911;      34.0;
1458;34;   7449.4703;    561.7407;      34.0;
1459;34;   7724.7790;    426.9614;      34.0;
1460;34;   6745.0800;    448.1348;      34.0;
1461;34;   7129.2217;    437.8124;      34.0;
1462;34;   7551.9162;    418.9804;      34.0;
1463;35;   8303.7122;    393.6590;      35.0;
1464;35;   7391.1306;    403.1262;      35.0;
1465;35;   7994.0860;    447.9546;      35.0;
1466;35;   6906.7570;    433.4208;      35.0;
1467;35;   8641.4458;    470.9563;      35.0;
1468;35;   8613.6791;    429.8884;      35.0;
1469;35;   8755.3330;    475.7127;      35.0;
1470;35;   6058.1863;    398.5294;      35.0;
1471;35;   7615.0407;    458.6866;      35.0;
1472;35;   7716.7098;    446.8843;      35.0;
1473;35;   7715.0947;    461.0225;      35.0;
1474;35;   7381.4152;    459.2960;      35.0;
1475;35;   8232.3217;    457.0075;      35.0;
1476;35;   8330.8950;    460.5340;      35.0;
1477;35;   7420.7135;    376.5083;      35.0;
1478;35;   8960.8481;    464.6962;      35.0;
1479;35;   7942.0264;    426.7919;      35.0;
1480;35;   8347.8724;    387.0509;      35.0;
1481;35;   8038.2508;    406.1152;      35.0;
1482;35;   7614.2555;    444.9045;      35.0;
1483;35;   7560.5777;    430.3674;      35.0;
1484;35;   7032.9045;    391.4667;      35.0;
1485;35;   7661.9114;    438.2497;      35.0;
1486;35;   7411.1150;    439.3385;      35.0;
1487;35;   7759.5323;    485.4698;      35.0;
1488;35;   7345.2966;    398.6896;      35.0;
1489;35;   8410.3366;    377.0609;      35.0;
1490;35;   6597.5218;    390.8978;      35.0;
1491;35;   8152.6888;    489.0371;      35.0;
1492;35;   7538.3210;    421.0917;      35.0;
1493;35;   9101.6510;    470.6555;      35.0;
1494;35;   7226.6376;    467.8571;      35.0;
1495;35;   7972.7311;    441.5943;      35.0;
1496;35;   6474.1782;    395.3057;      35.0;
1497;35;   7874.8777;    392.0791;      35.0;
1498;35;   6760.0814;    384.4103;      35.0;
1499;35;   8627.3885;    442.7844;      35.0;
1500;35;   8486.8243;    461.2066;      35.0;
1501;35;   7745.9207;    473.8344;      35.0;
1502;35;   7447.5689;    463.4713;      35.0;
1503;35;   7563.0249;    371.6094;      35.0;
1504;35;   7521.1674;    497.6804;      35.0;
1505;35;   7211.4145;    414.0186;      35.0;
