1;1;     65.2574;     65.2574;       1.0;
2;1;    118.3861;    118.3861;       1.0;
3;1;     72.6930;     72.6930;       1.0;
4;1;     73.1287;     73.1287;       1.0;
5;1;     17.1287;     17.1287;       1.0;
6;1;     26.1287;     26.1287;       1.0;
7;1;     30.2574;     30.2574;       1.0;
8;1;     76.6930;     76.6930;       1.0;
9;1;     72.2574;     72.2574;       1.0;
10;1;     94.2574;     94.2574;       1.0;
11;1;     63.8217;     63.8217;       1.0;
12;1;     63.8217;     63.8217;       1.0;
13;1;     66.8217;     66.8217;       1.0;
14;1;     93.3861;     93.3861;       1.0;
15;1;     94.3861;     94.3861;       1.0;
16;1;     75.6930;     75.6930;       1.0;
17;1;     70.1287;     70.1287;       1.0;
18;1;      2.0000;      2.0000;       1.0;
19;1;     14.6930;     14.6930;       1.0;
20;1;     96.8217;     96.8217;       1.0;
21;1;     46.1287;     46.1287;       1.0;
22;1;     98.6930;     98.6930;       1.0;
23;1;     55.1287;     55.1287;       1.0;
24;1;     57.2574;     57.2574;       1.0;
25;1;     67.8217;     67.8217;       1.0;
26;1;     74.6930;     74.6930;       1.0;
27;1;     13.5643;     13.5643;       1.0;
28;1;     96.8217;     96.8217;       1.0;
29;1;     25.6930;     25.6930;       1.0;
30;1;     73.6930;     73.6930;       1.0;
31;1;     32.1287;     32.1287;       1.0;
32;1;     36.6930;     36.6930;       1.0;
33;1;     78.1287;     78.1287;       1.0;
34;2;    151.0791;     87.3861;       2.0;
35;2;    160.5148;    116.3861;       2.0;
36;2;    138.3861;     88.6930;       2.0;
37;2;     47.6930;     38.1287;       2.0;
38;2;    135.9504;     84.2574;       2.0;
39;2;     65.3861;     39.1287;       2.0;
40;2;    161.0791;     89.3861;       2.0;
41;2;    144.0791;     80.3861;       2.0;
42;2;     68.1287;     66.1287;       2.0;
43;2;    113.5148;     57.8217;       2.0;
44;2;    154.6435;    109.9504;       2.0;
45;2;    150.0791;    113.3861;       2.0;
46;2;    102.9504;     58.8217;       2.0;
47;2;    111.0791;     59.2574;       2.0;
48;2;     92.8217;     54.6930;       2.0;
49;2;    158.0791;    104.3861;       2.0;
50;2;     91.8217;     74.6930;       2.0;
51;2;     72.6930;     47.1287;       2.0;
52;2;     88.8217;     52.1287;       2.0;
53;2;    281.3365;    145.9504;       2.0;
54;2;    128.5148;     78.8217;       2.0;
55;2;    143.9504;     73.2574;       2.0;
56;2;    206.2078;    103.8217;       2.0;
57;2;     90.2574;     58.1287;       2.0;
58;2;    177.0791;    104.2574;       2.0;
59;2;    179.0791;    109.3861;       2.0;
60;2;    135.5148;    106.3861;       2.0;
61;2;    150.6435;     98.3861;       2.0;
62;2;    164.5148;     92.3861;       2.0;
63;2;    120.0791;     77.8217;       2.0;
64;2;    167.0791;    124.9504;       2.0;
65;2;    123.9504;     62.6930;       2.0;
66;2;    203.0791;    116.8217;       2.0;
67;3;    170.6435;     74.8217;       3.0;
68;3;    145.0791;     65.2574;       3.0;
69;3;    179.2078;     81.2574;       3.0;
70;3;    198.2078;     99.8217;       3.0;
71;3;    183.9377;     81.6930;       3.0;
72;3;    112.2078;     75.8217;       3.0;
73;3;    271.2078;    101.2574;       3.0;
74;3;    183.2078;    108.3861;       3.0;
75;3;    176.7721;     84.3861;       3.0;
76;3;    254.3365;     95.2574;       3.0;
77;3;    229.1951;     98.2574;       3.0;
78;3;    296.9008;    123.8217;       3.0;
79;3;    148.6435;     67.2574;       3.0;
80;3;     87.9504;     42.2574;       3.0;
81;3;    243.9008;    107.2574;       3.0;
82;3;    191.6435;     69.1287;       3.0;
83;3;    249.9008;     93.2574;       3.0;
84;3;    226.9008;     93.3861;       3.0;
85;3;    193.2078;     96.8217;       3.0;
86;3;    284.4652;    137.3861;       3.0;
87;3;    228.7722;    117.3861;       3.0;
88;3;    220.7722;     98.3861;       3.0;
89;3;    250.3365;    158.9504;       3.0;
90;3;    161.6435;     57.8217;       3.0;
91;3;    136.5148;     70.6930;       3.0;
92;3;    216.6434;     90.2574;       3.0;
93;3;    127.6435;     60.8217;       3.0;
94;3;    249.0295;    158.9504;       3.0;
95;3;    188.0791;     67.6930;       3.0;
96;3;    191.2078;     94.3861;       3.0;
97;3;    151.9504;     98.2574;       3.0;
98;3;    203.0664;     86.8217;       3.0;
99;3;    161.6435;     77.2574;       3.0;
100;4;    321.1582;    102.3861;       4.0;
101;4;    174.7721;     81.8217;       4.0;
102;4;    453.8512;    130.9504;       4.0;
103;4;    268.4652;    124.3861;       4.0;
104;4;    281.0169;     79.6804;       4.0;
105;4;    233.5021;    100.6930;       4.0;
106;4;    248.2078;     75.1287;       4.0;
107;4;    225.7721;     98.8217;       4.0;
108;4;    341.7226;    110.8217;       4.0;
109;4;    239.8882;     75.8217;       4.0;
110;4;    278.7226;    104.3861;       4.0;
111;4;    225.9008;     87.8217;       4.0;
112;4;    237.2078;    104.2574;       4.0;
113;4;    139.6435;     63.8217;       4.0;
114;4;    267.4652;    110.3861;       4.0;
115;4;    330.0169;     88.8217;       4.0;
116;4;    196.3365;     65.1287;       4.0;
117;4;    280.6308;     83.6930;       4.0;
118;4;    231.3365;     75.6930;       4.0;
119;4;    338.8882;    131.9504;       4.0;
120;4;    305.0295;    142.8217;       4.0;
121;4;    313.0295;    139.3861;       4.0;
122;4;    320.0295;    107.2574;       4.0;
123;4;    237.7722;     86.6930;       4.0;
124;4;    315.0295;     99.8217;       4.0;
125;4;    275.3365;     91.6930;       4.0;
126;4;    205.9008;     65.6930;       4.0;
127;4;    207.6434;     87.2574;       4.0;
128;4;    279.0664;    117.8217;       4.0;
129;4;    307.4652;    122.8217;       4.0;
130;4;     86.8217;     32.5643;       4.0;
131;4;    189.6435;     74.6930;       4.0;
132;4;    249.7722;     94.8217;       4.0;
133;5;    446.8513;    141.9504;       5.0;
134;5;    442.9799;    146.9504;       5.0;
135;5;    240.9008;     78.2574;       5.0;
136;5;    425.2869;    123.3861;       5.0;
137;5;    351.7226;    115.8217;       5.0;
138;5;    302.5812;     79.2574;       5.0;
139;5;    308.5939;     93.3861;       5.0;
140;5;    472.4156;    137.3861;       5.0;
141;5;    399.7226;    152.3861;       5.0;
142;5;    322.7226;    125.3861;       5.0;
143;5;    247.4652;     77.6930;       5.0;
144;5;    472.9799;    166.5148;       5.0;
145;5;    390.5939;     95.8217;       5.0;
146;5;    325.1582;     99.2574;       5.0;
147;5;    244.0295;     84.8217;       5.0;
148;5;    334.2869;    117.8217;       5.0;
149;5;    292.2869;     71.8217;       5.0;
150;5;    418.2869;    119.3861;       5.0;
151;5;    379.7226;     99.2574;       5.0;
152;5;    313.3238;     82.6930;       5.0;
153;5;    279.9008;     76.2574;       5.0;
154;5;    270.5939;     99.2574;       5.0;
155;5;    391.7226;     98.2574;       5.0;
156;5;    201.3365;     59.8217;       5.0;
157;5;    529.8017;    157.9504;       5.0;
158;5;    298.4525;     91.1160;       5.0;
159;5;    508.5443;    183.9504;       5.0;
160;5;    398.2869;    125.3861;       5.0;
161;5;    359.7099;    112.3861;       5.0;
162;5;    265.4652;    132.3861;       5.0;
163;5;    273.0295;     85.2574;       5.0;
164;5;    467.9799;    110.3861;       5.0;
165;5;    351.9008;     89.2574;       5.0;
166;6;    383.1456;     88.2574;       6.0;
167;6;    468.9799;    137.3861;       6.0;
168;6;    417.1086;    104.3861;       6.0;
169;6;    409.9673;     95.2574;       6.0;
170;6;    533.8386;    160.3861;       6.0;
171;6;    539.1086;    128.3861;       6.0;
172;6;    452.5443;    122.3861;       6.0;
173;6;    462.1086;    130.9504;       6.0;
174;6;    317.5939;    125.3861;       6.0;
175;6;    338.2869;    101.2574;       6.0;
176;6;    244.4525;     85.2574;       6.0;
177;6;    491.9799;    124.3861;       6.0;
178;6;    312.9009;    128.2574;       6.0;
179;6;    364.7099;    141.3861;       6.0;
180;6;    508.2373;    117.3861;       6.0;
181;6;    456.9800;    136.9504;       6.0;
182;6;    525.8017;    145.9504;       6.0;
183;6;    517.9304;    141.9504;       6.0;
184;6;    442.6730;    111.8217;       6.0;
185;6;    220.1582;     52.2574;       6.0;
186;6;    369.4156;    105.2574;       6.0;
187;6;    478.9800;     91.2574;       6.0;
188;6;    389.8512;    110.2574;       6.0;
189;6;    517.1087;    115.3861;       6.0;
190;6;    408.1086;    109.8217;       6.0;
191;6;    266.2869;    106.8217;       6.0;
192;6;    543.6730;    128.8217;       6.0;
193;6;    421.1202;    112.2447;       6.0;
194;6;    501.9304;    118.9504;       6.0;
195;6;    360.8513;    131.9504;       6.0;
196;6;    401.9799;     94.2574;       6.0;
197;6;    318.5939;     81.6930;       6.0;
198;6;    440.2869;    125.3861;       6.0;
199;7;    519.7890;    115.8217;       7.0;
200;7;    327.2869;     94.8217;       7.0;
201;7;    350.8513;     94.2574;       7.0;
202;7;    484.2373;     99.3861;       7.0;
203;7;    604.9177;    135.9504;       7.0;
204;7;    353.1456;    101.1160;       7.0;
205;7;    494.8133;    139.3861;       7.0;
206;7;    512.8017;    114.3861;       7.0;
207;7;    558.0960;    148.3861;       7.0;
208;7;    342.0295;     74.1287;       7.0;
209;7;    507.4030;    123.9504;       7.0;
210;7;    370.7226;     89.2574;       7.0;
211;7;    414.6730;    109.8217;       7.0;
212;7;    438.5443;    101.2574;       7.0;
213;7;    397.2742;    106.6930;       7.0;
214;7;    440.5812;    111.8217;       7.0;
215;7;    538.6234;    117.3861;       7.0;
216;7;    614.0960;    148.3861;       7.0;
217;7;    549.6730;    141.3861;       7.0;
218;7;    459.5443;    161.9504;       7.0;
219;7;    536.9304;    121.9504;       7.0;
220;7;    470.9799;    138.3861;       7.0;
221;7;    506.1086;    158.9504;       7.0;
222;7;    497.9673;     98.6804;       7.0;
223;7;    442.2247;     99.2447;       7.0;
224;7;    404.9799;     92.6930;       7.0;
225;7;    590.3660;    129.3861;       7.0;
226;7;    524.3534;    124.9504;       7.0;
227;7;    602.0960;    131.3861;       7.0;
228;7;    486.1086;    115.3861;       7.0;
229;7;    492.9673;     98.1160;       7.0;
230;7;    414.4029;    106.3861;       7.0;
231;7;    593.9304;    127.9504;       7.0;
232;8;    381.3660;     68.8217;       8.0;
233;8;    559.8017;    101.2574;       8.0;
234;8;    535.4821;     93.1160;       8.0;
235;8;    554.7521;    118.9504;       8.0;
236;8;    519.3534;    117.3861;       8.0;
237;8;    584.6107;    120.3861;       8.0;
238;8;    465.1086;     81.6930;       8.0;
239;8;    555.4947;     95.2574;       8.0;
240;8;    385.1086;     79.2574;       8.0;
241;8;    433.9799;    115.2574;       8.0;
242;8;    671.7521;    153.3861;       8.0;
243;8;    619.6234;    158.9504;       8.0;
244;8;    652.8681;    111.3861;       8.0;
245;8;    537.1877;    100.3861;       8.0;
246;8;    460.6603;     87.3861;       8.0;
247;8;    677.0464;    116.2574;       8.0;
248;8;    421.9800;    105.8217;       8.0;
249;8;    408.4156;     88.2574;       8.0;
250;8;    428.1086;     87.2574;       8.0;
251;8;    504.1086;     87.2574;       8.0;
252;8;    586.7890;    122.3861;       8.0;
253;8;    399.5443;    115.3861;       8.0;
254;8;    567.7890;    124.9504;       8.0;
255;8;    468.6603;     88.3861;       8.0;
256;8;    363.5316;     97.2574;       8.0;
257;8;    511.6603;    123.8217;       8.0;
258;8;    483.9800;     98.6930;       8.0;
259;8;    446.8386;    110.3861;       8.0;
260;8;    674.9304;    137.3861;       8.0;
261;8;    534.0960;    113.3861;       8.0;
262;8;    613.9177;    120.3861;       8.0;
263;8;    518.0960;    105.3861;       8.0;
264;8;    500.6730;    116.2574;       8.0;
265;9;    615.6107;    108.8217;       9.0;
266;9;    624.7521;    117.3861;       9.0;
267;9;    594.6234;    130.9504;       9.0;
268;9;    492.5316;    115.3861;       9.0;
269;9;    498.4820;    106.8217;       9.0;
270;9;    574.9304;    118.9504;       9.0;
271;9;    640.2120;    117.2574;       9.0;
272;9;    729.4451;    127.3861;       9.0;
273;9;    618.3660;    135.3861;       9.0;
274;9;    467.1086;     94.2574;       9.0;
275;9;    562.7890;    102.3861;       9.0;
276;9;    569.7521;     87.3861;       9.0;
277;9;    642.7521;    134.8217;       9.0;
278;9;    617.2373;    109.2574;       9.0;
279;9;    488.2373;    118.2574;       9.0;
280;9;    629.7394;    131.8217;       9.0;
281;9;    662.7890;    153.3861;       9.0;
282;9;    557.5190;    105.2574;       9.0;
283;9;    751.1878;    111.2574;       9.0;
284;9;    452.2373;    108.2574;       9.0;
285;9;    777.4451;    145.9504;       9.0;
286;9;    550.2373;    110.3861;       9.0;
287;9;    583.7764;    100.6804;       9.0;
288;9;    690.3533;    111.8217;       9.0;
289;9;    607.1994;    125.3861;       9.0;
290;9;    600.6108;    148.9504;       9.0;
291;9;    512.1878;     83.6930;       9.0;
292;9;    425.5443;    107.2574;       9.0;
293;9;    696.0337;    154.9504;       9.0;
294;9;    649.1877;    143.3861;       9.0;
295;9;    621.4568;    111.8217;       9.0;
296;9;    673.0464;    134.9504;       9.0;
297;9;    663.4947;    107.8217;       9.0;
298;10;    697.5738;    148.9504;      10.0;
299;10;    624.1877;    114.3861;      10.0;
300;10;    659.4325;    111.9504;      10.0;
301;10;    525.4947;    111.9504;      10.0;
302;10;    847.7025;    179.9504;      10.0;
303;10;    737.5612;    106.3861;      10.0;
304;10;    721.6234;    115.2574;      10.0;
305;10;    577.7891;    105.6930;      10.0;
306;10;    838.8555;    166.5148;      10.0;
307;10;    517.7521;    153.3861;      10.0;
308;10;    684.4567;    124.8091;      10.0;
309;10;    732.7025;    130.3861;      10.0;
310;10;    767.0095;    117.3861;      10.0;
311;10;    649.4694;    110.2574;      10.0;
312;10;    505.3038;     82.8217;      10.0;
313;10;    569.7764;    104.8217;      10.0;
314;10;    669.7521;    110.3861;      10.0;
315;10;    714.7268;    103.2574;      10.0;
316;10;    463.6730;     85.2574;      10.0;
317;10;    520.3903;     89.2574;      10.0;
318;10;    900.8185;    151.3861;      10.0;
319;10;    719.9842;    156.5148;      10.0;
320;10;    875.8312;    116.2574;      10.0;
321;10;    657.3164;    123.3861;      10.0;
322;10;    663.1751;    103.2574;      10.0;
323;10;    638.3660;    105.2574;      10.0;
324;10;    681.8808;    125.3861;      10.0;
325;10;    579.6234;    113.2574;      10.0;
326;10;    704.1751;    122.8217;      10.0;
327;10;    705.4452;    133.8217;      10.0;
328;10;    583.7521;    123.9504;      10.0;
329;10;    686.4451;    118.3861;      10.0;
330;10;    733.2669;    110.3861;      10.0;
331;11;    779.8681;    167.9504;      11.0;
332;11;    627.1878;    141.3861;      11.0;
333;11;    834.2669;    136.9504;      11.0;
334;11;    678.4451;    130.9504;      11.0;
335;11;    816.9599;    136.9504;      11.0;
336;11;    505.7890;     75.2574;      11.0;
337;11;    829.6899;    116.3861;      11.0;
338;11;    783.9968;    141.9504;      11.0;
339;11;    799.3829;    147.9504;      11.0;
340;11;    967.6403;    168.8091;      11.0;
341;11;    675.8808;    112.3861;      11.0;
342;11;    797.9599;    104.3861;      11.0;
343;11;    716.4198;     95.1160;      11.0;
344;11;    614.3164;    125.3861;      11.0;
345;11;    731.4325;    106.2574;      11.0;
346;11;    792.8681;    119.8217;      11.0;
347;11;    583.0833;    109.2574;      11.0;
348;11;    694.5854;    105.2574;      11.0;
349;11;    785.8428;    117.6804;      11.0;
350;11;    935.6529;    123.3861;      11.0;
351;11;    549.3164;    100.8217;      11.0;
352;11;    878.2669;    178.5148;      11.0;
353;11;    725.7521;    115.3861;      11.0;
354;11;    634.7141;    118.9504;      11.0;
355;11;    901.5242;    137.3861;      11.0;
356;11;    612.0464;     94.3861;      11.0;
357;11;    772.6899;    131.9504;      11.0;
358;11;    792.2542;    132.8091;      11.0;
359;11;    727.0095;    146.9504;      11.0;
360;11;    787.5612;    109.8217;      11.0;
361;11;    642.8808;     99.3861;      11.0;
362;11;    637.4821;     96.3861;      11.0;
363;11;    726.5738;    133.9504;      11.0;
364;12;    722.5738;    108.8217;      12.0;
365;12;    710.8682;    130.8217;      12.0;
366;12;    972.9219;    146.8217;      12.0;
367;12;    709.0338;    107.2574;      12.0;
368;12;    816.5485;    105.2574;      12.0;
369;12;    928.6403;    123.9504;      12.0;
370;12;    940.0759;    139.3861;      12.0;
371;12;    851.6530;    145.9504;      12.0;
372;12;    864.6529;    104.2574;      12.0;
373;12;    717.2542;    104.3861;      12.0;
374;12;    939.3460;    132.9504;      12.0;
375;12;    792.7025;     89.2574;      12.0;
376;12;    941.0886;    146.8217;      12.0;
377;12;    823.1255;    116.3861;      12.0;
378;12;    775.4198;    130.3861;      12.0;
379;12;    819.0886;    120.8217;      12.0;
380;12;    803.8312;    107.8217;      12.0;
381;12;    939.0633;    168.8091;      12.0;
382;12;    798.2669;    105.8217;      12.0;
383;12;    941.6403;    121.6804;      12.0;
384;12;    887.8977;    121.9504;      12.0;
385;12;    937.3829;    147.9504;      12.0;
386;12;    916.1382;    123.8217;      12.0;
387;12;    861.7816;    114.3861;      12.0;
388;12;    931.9599;    135.3861;      12.0;
389;12;    895.5116;    168.5148;      12.0;
390;12;    778.5116;     98.3861;      12.0;
391;12;    762.8681;    129.3861;      12.0;
392;12;    727.8312;     98.3861;      12.0;
393;12;    793.2542;    149.3861;      12.0;
394;12;    686.4325;    100.2447;      12.0;
395;12;    706.1128;    112.3861;      12.0;
396;12;    659.4325;    104.2574;      12.0;
397;13;   1168.8977;    139.3861;      13.0;
398;13;    968.6519;    147.9504;      13.0;
399;13;    898.0759;    135.9504;      13.0;
400;13;    762.9968;     95.5517;      13.0;
401;13;    776.1255;    104.2574;      13.0;
402;13;    776.9842;    111.8217;      13.0;
403;13;    836.3956;    121.8217;      13.0;
404;13;    842.0390;    123.3861;      13.0;
405;13;    799.0759;    110.3861;      13.0;
406;13;    709.8681;    117.2574;      13.0;
407;13;    873.9219;    135.9504;      13.0;
408;13;    703.4198;     95.6804;      13.0;
409;13;   1008.4747;    121.3861;      13.0;
410;13;   1030.7563;    141.3861;      13.0;
411;13;    680.7395;    115.6930;      13.0;
412;13;    898.3333;    127.3861;      13.0;
413;13;    731.3038;    105.8217;      13.0;
414;13;   1005.7816;    146.9504;      13.0;
415;13;   1027.7689;    121.8217;      13.0;
416;13;    720.1382;    140.3861;      13.0;
417;13;    843.3829;    145.9504;      13.0;
418;13;   1033.6403;    131.8091;      13.0;
419;13;    894.6529;    141.9504;      13.0;
420;13;    924.5116;    160.9504;      13.0;
421;13;    954.9103;    155.9504;      13.0;
422;13;   1103.6034;    155.9504;      13.0;
423;13;    803.0759;     92.3861;      13.0;
424;13;    961.7816;    125.3861;      13.0;
425;13;    994.7816;    125.9504;      13.0;
426;13;    884.8175;    114.8091;      13.0;
427;13;    900.1255;    121.8217;      13.0;
428;13;   1008.6403;    121.3861;      13.0;
429;13;    823.3955;    146.9504;      13.0;
430;14;    986.5358;    126.3861;      14.0;
431;14;    902.2542;    143.3861;      14.0;
432;14;    811.7015;    129.3861;      14.0;
433;14;    880.5116;    102.2574;      14.0;
434;14;   1078.0137;    134.9504;      14.0;
435;14;   1036.7194;    140.3861;      14.0;
436;14;    962.2416;    110.3861;      14.0;
437;14;    933.3333;    121.3861;      14.0;
438;14;    848.7817;    118.9504;      14.0;
439;14;    825.8185;    103.3861;      14.0;
440;14;    743.2911;    103.6930;      14.0;
441;14;    900.2289;    163.8091;      14.0;
442;14;    952.7690;    114.8217;      14.0;
443;14;    949.2173;     98.3861;      14.0;
444;14;    894.2416;    110.2574;      14.0;
445;14;    983.4989;    111.2447;      14.0;
446;14;   1020.6276;    130.9504;      14.0;
447;14;    905.2542;    123.2574;      14.0;
448;14;    881.7932;    106.2574;      14.0;
449;14;    791.9599;    129.3861;      14.0;
450;14;   1167.4251;    139.9504;      14.0;
451;14;    901.0633;    129.9504;      14.0;
452;14;    692.8186;     76.6930;      14.0;
453;14;    917.9715;    127.1160;      14.0;
454;14;    804.3829;    112.3861;      14.0;
455;14;    869.9472;    103.3861;      14.0;
456;14;    943.9472;    167.9504;      14.0;
457;14;    907.9472;    116.3861;      14.0;
458;14;    964.0632;    131.9504;      14.0;
459;14;    973.0632;    134.8217;      14.0;
460;14;    885.0886;    119.9504;      14.0;
461;14;    796.1382;    105.8217;      14.0;
462;14;    812.9715;    114.6804;      14.0;
463;15;    926.6276;    108.3861;      15.0;
464;15;    985.6403;    100.3861;      15.0;
465;15;   1034.8354;    124.9504;      15.0;
466;15;   1161.6403;    157.9504;      15.0;
467;15;    898.0749;    111.8217;      15.0;
468;15;    897.9599;    109.8217;      15.0;
469;15;    882.6403;    124.9504;      15.0;
470;15;    887.1255;    125.3861;      15.0;
471;15;   1031.1793;    114.3861;      15.0;
472;15;   1026.3333;    141.9504;      15.0;
473;15;   1131.5654;    130.9504;      15.0;
474;15;    983.7690;    152.3861;      15.0;
475;15;    923.7932;    119.2574;      15.0;
476;15;   1043.4251;    130.9504;      15.0;
477;15;    884.6529;    107.2574;      15.0;
478;15;    892.8977;     92.3861;      15.0;
479;15;    964.3333;    106.3861;      15.0;
480;15;   1002.3702;    122.3861;      15.0;
481;15;    769.6899;    117.8217;      15.0;
482;15;    987.3829;    132.8217;      15.0;
483;15;    958.7563;    111.3861;      15.0;
484;15;   1046.7563;    133.3861;      15.0;
485;15;    920.3702;    105.2574;      15.0;
486;15;   1101.7321;    123.3861;      15.0;
487;15;   1146.8723;    145.9504;      15.0;
488;15;   1160.7194;    137.3861;      15.0;
489;15;   1035.7194;    130.9504;      15.0;
490;15;    909.0633;    134.9504;      15.0;
491;15;   1093.6034;    137.9504;      15.0;
492;15;    939.2542;    137.3861;      15.0;
493;15;    976.9588;    118.6804;      15.0;
494;15;   1241.9767;    151.3861;      15.0;
495;15;   1004.3576;    110.2574;      15.0;
496;16;   1298.2711;    118.3861;      16.0;
497;16;    976.3459;    112.3861;      16.0;
498;16;   1093.7690;    118.2574;      16.0;
499;16;   1212.6571;    178.5148;      16.0;
500;16;   1204.8354;    139.3861;      16.0;
501;16;   1000.3576;    113.3861;      16.0;
502;16;   1084.8851;    167.9504;      16.0;
503;16;    982.0137;    109.3861;      16.0;
504;16;   1025.0379;    141.3861;      16.0;
505;16;    944.7563;     99.2574;      16.0;
506;16;   1189.3871;    168.9504;      16.0;
507;16;   1212.1424;    148.3861;      16.0;
508;16;   1172.1414;    137.3861;      16.0;
509;16;   1279.5527;    127.3861;      16.0;
510;16;   1134.3333;    133.2447;      16.0;
511;16;    950.2047;    117.6804;      16.0;
512;16;   1108.7194;    106.3861;      16.0;
513;16;   1012.7932;    121.3861;      16.0;
514;16;   1130.5411;    118.8217;      16.0;
515;16;   1123.2046;    130.3861;      16.0;
516;16;   1050.8059;    130.9504;      16.0;
517;16;   1005.2415;    118.1160;      16.0;
518;16;    920.2173;    102.2574;      16.0;
519;16;   1035.3997;    124.9504;      16.0;
520;16;   1072.5654;    136.9504;      16.0;
521;16;   1193.2837;    117.8217;      16.0;
522;16;    947.3207;    114.3861;      16.0;
523;16;   1216.6941;    135.3861;      16.0;
524;16;   1051.0137;    115.3861;      16.0;
525;16;   1110.9883;    141.9504;      16.0;
526;16;   1029.6519;    105.2574;      16.0;
527;16;   1026.1899;    112.3861;      16.0;
528;16;   1147.6941;    124.3861;      16.0;
529;17;   1100.1424;    154.3861;      17.0;
530;17;   1253.6941;    145.9504;      17.0;
531;17;   1256.1424;    170.9504;      17.0;
532;17;   1254.1297;    137.3861;      17.0;
533;17;   1108.6687;    130.9504;      17.0;
534;17;   1203.4124;    114.3861;      17.0;
535;17;    978.1920;    124.3861;      17.0;
536;17;   1224.3998;    127.2574;      17.0;
537;17;   1038.9884;    104.8217;      17.0;
538;17;   1123.9767;    174.5148;      17.0;
539;17;   1252.9757;    158.9504;      17.0;
540;17;    959.0380;    123.2574;      17.0;
541;17;   1132.2837;    124.3861;      17.0;
542;17;   1036.0633;    147.9504;      17.0;
543;17;   1153.6941;     94.8217;      17.0;
544;17;   1271.2584;    137.3861;      17.0;
545;17;   1220.1181;    129.9504;      17.0;
546;17;   1043.4747;     97.2574;      17.0;
547;17;    968.2289;    107.2574;      17.0;
548;17;   1213.8481;    129.3861;      17.0;
549;17;    920.4863;     92.3861;      17.0;
550;17;   1169.2584;    126.2574;      17.0;
551;17;   1039.4609;    108.6804;      17.0;
552;17;    913.4493;    110.6804;      17.0;
553;17;   1206.4240;    145.9504;      17.0;
554;17;   1055.3206;    110.3861;      17.0;
555;17;   1113.1424;    146.9504;      17.0;
556;17;   1142.8228;    146.9504;      17.0;
557;17;   1209.4124;    181.3734;      17.0;
558;17;   1046.1919;    125.3861;      17.0;
559;17;   1195.7068;    143.3861;      17.0;
560;17;   1107.8850;    132.2447;      17.0;
561;17;   1158.6814;    137.3861;      17.0;
562;18;    957.5780;    128.3861;      18.0;
563;18;   1142.9768;    109.2574;      18.0;
564;18;   1199.4124;    131.9504;      18.0;
565;18;   1051.7563;    143.3861;      18.0;
566;18;   1195.6698;    131.3861;      18.0;
567;18;   1252.8217;    132.6677;      18.0;
568;18;   1032.7194;    116.3861;      18.0;
569;18;   1363.2088;    158.9504;      18.0;
570;18;   1361.8903;    153.5148;      18.0;
571;18;   1157.5411;    137.3861;      18.0;
572;18;   1473.4546;    166.5148;      18.0;
573;18;   1065.5770;    105.2574;      18.0;
574;18;   1157.3744;    111.3861;      18.0;
575;18;   1264.8101;    130.8217;      18.0;
576;18;   1310.1846;    157.8091;      18.0;
577;18;   1228.3628;    118.2447;      18.0;
578;18;   1259.5285;    129.3861;      18.0;
579;18;   1106.8481;    118.3861;      18.0;
580;18;   1323.8111;    136.9504;      18.0;
581;18;   1277.7974;    129.9504;      18.0;
582;18;   1088.1413;    144.9504;      18.0;
583;18;   1157.4493;    101.8217;      18.0;
584;18;   1151.4114;    109.3861;      18.0;
585;18;   1033.1424;    129.9504;      18.0;
586;18;   1290.0928;    141.9504;      18.0;
587;18;   1039.6519;     91.5517;      18.0;
588;18;   1094.3998;    121.8217;      18.0;
589;18;   1311.5021;    124.9504;      18.0;
590;18;   1534.1593;    151.8091;      18.0;
591;18;   1178.1297;    131.9504;      18.0;
592;18;   1318.9768;    125.3861;      18.0;
593;18;   1288.1054;    119.8217;      18.0;
594;18;   1067.8354;    110.3861;      18.0;
595;19;   1334.7605;    153.3861;      19.0;
596;19;   1044.4620;    117.2574;      19.0;
597;19;   1315.2215;    126.3861;      19.0;
598;19;   1145.2710;    129.3861;      19.0;
599;19;   1448.4789;    141.9504;      19.0;
600;19;   1339.1972;    154.5148;      19.0;
601;19;   1051.1171;    157.9504;      19.0;
602;19;   1107.6941;    133.8217;      19.0;
603;19;    988.1920;     98.3861;      19.0;
604;19;   1352.3871;    116.3861;      19.0;
605;19;   1369.8228;    131.3861;      19.0;
606;19;   1288.0559;    129.9504;      19.0;
607;19;   1097.6940;    141.9504;      19.0;
608;19;   1296.3502;    153.3861;      19.0;
609;19;   1323.2215;    126.2447;      19.0;
610;19;   1332.3628;    148.3861;      19.0;
611;19;   1405.3492;    133.3861;      19.0;
612;19;   1277.5274;    115.9504;      19.0;
613;19;   1314.5158;    160.9504;      19.0;
614;19;   1213.2341;    154.9504;      19.0;
615;19;   1271.3502;    156.9504;      19.0;
616;19;   1069.9515;    118.2574;      19.0;
617;19;   1197.2584;    103.6930;      19.0;
618;19;   1225.5538;    121.3861;      19.0;
619;19;   1446.8776;    131.8217;      19.0;
620;19;   1226.2711;    138.3861;      19.0;
621;19;   1258.1055;    147.3861;      19.0;
622;19;   1347.4789;    136.9504;      19.0;
623;19;   1247.7985;    132.3861;      19.0;
624;19;   1229.5411;    186.5148;      19.0;
625;19;   1128.3998;    108.5517;      19.0;
626;19;   1105.5285;    130.9504;      19.0;
627;19;    971.0263;    136.2447;      19.0;
628;20;   1273.7858;    110.3861;      20.0;
629;20;   1542.8407;    141.3861;      20.0;
630;20;   1229.9630;    111.8217;      20.0;
631;20;   1439.0306;    137.3861;      20.0;
632;20;   1397.4905;    128.2574;      20.0;
633;20;   1235.1054;    103.2574;      20.0;
634;20;   1632.4040;    147.8091;      20.0;
635;20;   1202.7320;    123.8217;      20.0;
636;20;   1330.4789;    129.3861;      20.0;
637;20;   1357.1466;    124.9504;      20.0;
638;20;   1171.1044;    142.9504;      20.0;
639;20;   1300.1287;    103.6930;      20.0;
640;20;   1246.3491;    112.1034;      20.0;
641;20;   1241.3376;    154.8217;      20.0;
642;20;   1256.9388;    112.3861;      20.0;
643;20;   1172.2215;    130.9504;      20.0;
644;20;   1349.7605;    104.3861;      20.0;
645;20;   1245.9641;    118.9504;      20.0;
646;20;   1555.6983;    153.3861;      20.0;
647;20;   1296.4915;    147.3861;      20.0;
648;20;   1394.7858;    156.5148;      20.0;
649;20;   1310.6445;    109.8217;      20.0;
650;20;   1682.2753;    179.9504;      20.0;
651;20;   1462.9810;    129.3861;      20.0;
652;20;   1323.4789;    141.3861;      20.0;
653;20;   1335.3502;    121.6804;      20.0;
654;20;   1204.9261;    111.3861;      20.0;
655;20;   1444.3871;    123.8217;      20.0;
656;20;   1379.1972;    152.3861;      20.0;
657;20;   1311.5042;    158.9504;      20.0;
658;20;   1457.3249;    171.9504;      20.0;
659;20;   1573.2637;    147.9504;      20.0;
660;20;   1491.3249;    132.8091;      20.0;
661;21;   1374.8649;    126.2574;      21.0;
662;21;   1260.1962;    137.3861;      21.0;
663;21;   1488.9557;    130.9504;      21.0;
664;21;   1361.4789;    113.2574;      21.0;
665;21;   1453.2996;    131.9504;      21.0;
666;21;   1497.5453;    136.9504;      21.0;
667;21;   1384.4916;    142.8217;      21.0;
668;21;   1500.9810;    127.9504;      21.0;
669;21;   1339.1592;    105.3861;      21.0;
670;21;   1448.8882;    135.9504;      21.0;
671;21;   1534.2869;    146.9504;      21.0;
672;21;   1528.6741;    118.3861;      21.0;
673;21;   1505.7848;    139.3861;      21.0;
674;21;   1508.0970;    137.3861;      21.0;
675;21;   1258.5031;    109.2574;      21.0;
676;21;   1443.7120;    115.3861;      21.0;
677;21;   1580.4166;    140.2447;      21.0;
678;21;   1506.7110;    130.9504;      21.0;
679;21;   1207.3998;    118.9504;      21.0;
680;21;   1428.0548;    145.9504;      21.0;
681;21;   1383.6318;    106.8217;      21.0;
682;21;   1593.8154;    154.9504;      21.0;
683;21;   1326.5822;    140.3861;      21.0;
684;21;   1438.1719;    143.8217;      21.0;
685;21;   1280.7859;    104.3861;      21.0;
686;21;   1159.5284;    158.9504;      21.0;
687;21;   1405.3248;    166.5148;      21.0;
688;21;   1266.7363;    105.8217;      21.0;
689;21;   1639.6983;    167.3734;      21.0;
690;21;   1627.5211;    125.9504;      21.0;
691;21;   1319.0306;    154.3861;      21.0;
692;21;   1733.0728;    134.8217;      21.0;
693;21;   1395.1835;    158.9504;      21.0;
694;22;   1289.6571;    124.9504;      22.0;
695;22;   1259.4789;    137.3861;      22.0;
696;22;   1651.5706;    137.3861;      22.0;
697;22;   1795.0475;    150.9504;      22.0;
698;22;   1505.3006;    148.3861;      22.0;
699;22;   1732.0728;    142.3861;      22.0;
700;22;   1680.5559;    168.8091;      22.0;
701;22;   1318.5158;    132.3861;      22.0;
702;22;   1532.5822;    123.8217;      22.0;
703;22;   1606.2141;    166.5148;      22.0;
704;22;   1592.6856;    146.9504;      22.0;
705;22;   1540.4293;    118.9504;      22.0;
706;22;   1490.5823;    127.9504;      22.0;
707;22;   1703.6371;    146.9504;      22.0;
708;22;   1542.5211;    179.9504;      22.0;
709;22;   1422.1466;    113.3861;      22.0;
710;22;   1427.2879;    139.3861;      22.0;
711;22;   1452.8649;    116.3861;      22.0;
712;22;   1460.1698;    146.9504;      22.0;
713;22;   1347.9389;    125.3861;      22.0;
714;22;   1214.2574;    119.9504;      22.0;
715;22;   1516.7109;    139.3861;      22.0;
716;22;   1184.9514;    106.2574;      22.0;
717;22;   1190.0802;     99.8217;      22.0;
718;22;   1586.7109;    138.2447;      22.0;
719;22;   1633.4166;    130.8217;      22.0;
720;22;   1407.7236;    153.3861;      22.0;
721;22;   1277.1719;    142.8091;      22.0;
722;22;   1370.9683;    145.9504;      22.0;
723;22;   1412.5949;    163.9378;      22.0;
724;22;   1463.4662;    141.3861;      22.0;
725;22;   1656.3544;    146.9504;      22.0;
726;22;   1234.7362;    117.6804;      22.0;
727;23;   1615.9430;    130.3861;      23.0;
728;23;   1649.2637;    137.9504;      23.0;
729;23;   1453.4662;    116.3861;      23.0;
730;23;   1656.0727;    116.2574;      23.0;
731;23;   1422.5696;    109.2574;      23.0;
732;23;   1365.7109;    118.3861;      23.0;
733;23;   1619.3544;    133.9504;      23.0;
734;23;   1472.1719;    158.9504;      23.0;
735;23;   1514.6846;    137.3861;      23.0;
736;23;   1635.6730;    147.3861;      23.0;
737;23;   1497.9018;    133.3861;      23.0;
738;23;   1398.0970;    133.9504;      23.0;
739;23;   1566.7110;    148.9504;      23.0;
740;23;   1653.2500;    127.3861;      23.0;
741;23;   1425.8639;    161.2447;      23.0;
742;23;   1532.2996;    133.2447;      23.0;
743;23;   1627.2257;    130.9504;      23.0;
744;23;   1646.2743;    137.3861;      23.0;
745;23;   1511.4156;    133.9504;      23.0;
746;23;   1597.7109;    121.3861;      23.0;
747;23;   1353.1962;    116.8217;      23.0;
748;23;   1705.9430;    136.3861;      23.0;
749;23;   1530.6487;    112.3861;      23.0;
750;23;   1725.2257;    167.9504;      23.0;
751;23;   1468.5454;    141.9504;      23.0;
752;23;   1450.3006;    131.8217;      23.0;
753;23;   1747.0727;    153.3861;      23.0;
754;23;   1465.8892;    131.9504;      23.0;
755;23;   1731.2637;    158.9504;      23.0;
756;23;   1407.7363;    119.6930;      23.0;
757;23;   1679.4282;    118.5517;      23.0;
758;23;   1609.7109;    115.2574;      23.0;
759;23;   1423.8649;    133.3861;      23.0;
760;24;   1708.3902;    134.9504;      24.0;
761;24;   1554.6993;    136.3861;      24.0;
762;24;   1643.5453;    145.9504;      24.0;
763;24;   1651.5316;    138.2447;      24.0;
764;24;   1581.7109;    154.3861;      24.0;
765;24;   1572.0971;    148.3861;      24.0;
766;24;   1427.2879;    111.3861;      24.0;
767;24;   1762.2373;    141.9504;      24.0;
768;24;   1814.9557;    118.2574;      24.0;
769;24;   1834.4578;    142.8091;      24.0;
770;24;   1665.0591;    153.5148;      24.0;
771;24;   1592.0063;    104.3861;      24.0;
772;24;   1775.1887;    141.3861;      24.0;
773;24;   1501.9567;    129.3861;      24.0;
774;24;   1566.2384;    157.9504;      24.0;
775;24;   1327.7605;    135.3861;      24.0;
776;24;   1626.2384;    129.9504;      24.0;
777;24;   1547.1224;    111.2574;      24.0;
778;24;   1768.0833;    136.2447;      24.0;
779;24;   1896.1888;    136.9504;      24.0;
780;24;   1371.3744;    137.3861;      24.0;
781;24;   1389.1592;    139.3861;      24.0;
782;24;   1474.3006;    114.3861;      24.0;
783;24;   1696.1867;    109.3861;      24.0;
784;24;   1893.7268;    154.8217;      24.0;
785;24;   1482.2510;    125.3861;      24.0;
786;24;   1807.4577;    164.3861;      24.0;
787;24;   1401.1592;    118.9504;      24.0;
788;24;   1660.8270;    105.1160;      24.0;
789;24;   1572.5316;    173.9504;      24.0;
790;24;   1682.2257;    114.6804;      24.0;
791;24;   1413.4282;    101.3861;      24.0;
792;24;   1704.6245;    160.3861;      24.0;
793;25;   1724.3671;    129.3861;      25.0;
794;25;   1569.1213;    119.9504;      25.0;
795;25;   1594.0727;    126.2574;      25.0;
796;25;   1569.5326;    145.9504;      25.0;
797;25;   1964.1508;    129.9504;      25.0;
798;25;   1634.2373;    122.3861;      25.0;
799;25;   1622.2880;    191.9504;      25.0;
800;25;   1648.5084;    120.8091;      25.0;
801;25;   1650.6730;    124.1034;      25.0;
802;25;   1791.5991;    133.3861;      25.0;
803;25;   1560.5442;     94.5517;      25.0;
804;25;   1587.3418;    158.9504;      25.0;
805;25;   1749.0105;    129.3861;      25.0;
806;25;   1591.3544;    129.9504;      25.0;
807;25;   1941.0105;    158.9504;      25.0;
808;25;   1551.6730;    128.2574;      25.0;
809;25;   1834.3829;    151.3861;      25.0;
810;25;   1730.3291;    142.8217;      25.0;
811;25;   1413.8650;    125.9504;      25.0;
812;25;   1538.7531;    115.3861;      25.0;
813;25;   1830.4705;    167.9504;      25.0;
814;25;   1523.6360;    127.2574;      25.0;
815;25;   1861.0105;    146.9504;      25.0;
816;25;   1406.2626;    109.9504;      25.0;
817;25;   1538.2014;    157.9504;      25.0;
818;25;   1854.1634;    135.9504;      25.0;
819;25;   1725.6118;    179.9504;      25.0;
820;25;   1590.6740;    125.3861;      25.0;
821;25;   1922.8692;    167.9504;      25.0;
822;25;   1683.6497;    127.3861;      25.0;
823;25;   1842.5738;    134.9504;      25.0;
824;25;   2049.2668;    148.3861;      25.0;
825;25;   1701.2120;    134.9504;      25.0;
826;26;   1672.0970;    152.2447;      26.0;
827;26;   2093.8196;    143.8217;      26.0;
828;26;   1869.8808;    167.9504;      26.0;
829;26;   1887.5369;    130.2447;      26.0;
830;26;   1942.7278;    149.2447;      26.0;
831;26;   1672.2257;    141.3861;      26.0;
832;26;   1860.6118;    146.9504;      26.0;
833;26;   2006.8438;    142.8091;      26.0;
834;26;   1753.4947;    135.3734;      26.0;
835;26;   1949.0221;    141.2447;      26.0;
836;26;   1906.7162;    152.3861;      26.0;
837;26;   1844.0231;    142.9504;      26.0;
838;26;   1706.1456;    158.9504;      26.0;
839;26;   1548.2752;    114.3861;      26.0;
840;26;   1935.7036;    147.3861;      26.0;
841;26;   1901.3164;    149.3861;      26.0;
842;26;   1673.9293;    108.2574;      26.0;
843;26;   1829.4336;    148.3861;      26.0;
844;26;   1743.0717;    136.8217;      26.0;
845;26;   1843.4209;    109.8217;      26.0;
846;26;   1795.7405;    130.9504;      26.0;
847;26;   1907.7532;    136.3861;      26.0;
848;26;   1807.9725;    132.9504;      26.0;
849;26;   1615.0347;    111.3861;      26.0;
850;26;   1497.9810;    148.3861;      26.0;
851;26;   1731.3291;    137.2447;      26.0;
852;26;   1596.9809;    103.2574;      26.0;
853;26;   1760.5749;    133.3861;      26.0;
854;26;   1473.0833;    107.2574;      26.0;
855;26;   2127.3955;    145.9504;      26.0;
856;26;   1673.9304;    140.3861;      26.0;
857;26;   1625.9430;    131.3861;      26.0;
858;26;   1790.1888;    149.3861;      26.0;
859;27;   1890.5738;    140.2447;      27.0;
860;27;   1679.9799;    104.2574;      27.0;
861;27;   2164.7689;    162.5148;      27.0;
862;27;   2062.5348;    130.9504;      27.0;
863;27;   1816.8438;    123.8217;      27.0;
864;27;   1769.4831;    128.3861;      27.0;
865;27;   1632.8270;    149.3861;      27.0;
866;27;   1805.8312;    154.8217;      27.0;
867;27;   1792.9061;    136.3861;      27.0;
868;27;   1825.2921;    133.9504;      27.0;
869;27;   1811.5073;    155.9504;      27.0;
870;27;   1956.6656;    123.9504;      27.0;
871;27;   1916.8691;    131.8091;      27.0;
872;27;   1977.2911;    144.2447;      27.0;
873;27;   2041.1139;    153.5148;      27.0;
874;27;   1772.6107;    120.8091;      27.0;
875;27;   2110.6783;    137.2447;      27.0;
876;27;   1751.1329;    114.3861;      27.0;
877;27;   1762.7647;    111.8217;      27.0;
878;27;   2292.8438;    183.9504;      27.0;
879;27;   1592.2795;    124.3861;      27.0;
880;27;   1867.4082;    165.5148;      27.0;
881;27;   1811.4705;    174.5148;      27.0;
882;27;   1589.9314;    131.8217;      27.0;
883;27;   2005.5992;    130.3861;      27.0;
884;27;   1687.9683;    148.9504;      27.0;
885;27;   1647.9440;    140.3861;      27.0;
886;27;   1744.7827;    148.9504;      27.0;
887;27;   1880.3713;    158.9504;      27.0;
888;27;   1855.3955;    135.9504;      27.0;
889;27;   2175.6529;    153.3861;      27.0;
890;27;   2051.0517;    136.9504;      27.0;
891;27;   1954.6898;    158.9504;      27.0;
892;28;   2062.8195;    139.3861;      28.0;
893;28;   2019.8692;    160.9504;      28.0;
894;28;   1917.5992;    119.8091;      28.0;
895;28;   1911.5495;    134.9504;      28.0;
896;28;   1791.3048;    109.3861;      28.0;
897;28;   2164.1561;    149.2447;      28.0;
898;28;   2000.8797;    191.9504;      28.0;
899;28;   1914.8681;    181.3734;      28.0;
900;28;   1865.9978;    142.3861;      28.0;
901;28;   1983.7531;    139.3861;      28.0;
902;28;   1785.3417;    118.3861;      28.0;
903;28;   1762.4831;    178.5148;      28.0;
904;28;   2003.2183;    159.9504;      28.0;
905;28;   2089.6782;    136.2447;      28.0;
906;28;   1873.4082;    124.2447;      28.0;
907;28;   1786.9314;    129.3861;      28.0;
908;28;   1978.8797;    148.3861;      28.0;
909;28;   1996.3586;    132.3861;      28.0;
910;28;   1961.1139;    124.2447;      28.0;
911;28;   1875.0105;    131.8091;      28.0;
912;28;   1774.4578;    156.5148;      28.0;
913;28;   1732.3533;    130.9504;      28.0;
914;28;   1861.1625;    171.9504;      28.0;
915;28;   1512.3291;    130.9504;      28.0;
916;28;   1611.5073;    111.8217;      28.0;
917;28;   1644.4957;    123.2447;      28.0;
918;28;   2093.4241;    137.3861;      28.0;
919;28;   1888.8323;    123.8217;      28.0;
920;28;   1786.9304;    122.8217;      28.0;
921;28;   1851.2415;    145.9504;      28.0;
922;28;   2057.7943;    155.2447;      28.0;
923;28;   1851.8681;    147.8091;      28.0;
924;28;   1978.4451;    179.9504;      28.0;
925;29;   1854.1635;    130.9504;      29.0;
926;29;   2006.9082;    141.9504;      29.0;
927;29;   1785.7647;    103.2574;      29.0;
928;29;   1855.8555;    145.3861;      29.0;
929;29;   1953.6772;    137.3861;      29.0;
930;29;   1991.8807;    132.3861;      29.0;
931;29;   1647.0337;    107.2574;      29.0;
932;29;   2066.8186;    132.2447;      29.0;
933;29;   1912.5622;    119.2447;      29.0;
934;29;   1675.6614;    167.9504;      29.0;
935;29;   2015.0643;    149.3861;      29.0;
936;29;   1843.3829;    133.9504;      29.0;
937;29;   1799.5496;    146.9504;      29.0;
938;29;   1924.0105;    156.9504;      29.0;
939;29;   2012.7827;    125.9504;      29.0;
940;29;   1978.3702;    120.8217;      29.0;
941;29;   2023.8059;    112.1034;      29.0;
942;29;   2313.2183;    125.3861;      29.0;
943;29;   2007.6909;    186.5148;      29.0;
944;29;   1864.2425;    121.9504;      29.0;
945;29;   2064.8438;    166.5148;      29.0;
946;29;   2172.7943;    186.5148;      29.0;
947;29;   1865.5496;    146.9504;      29.0;
948;29;   2052.1814;    191.9504;      29.0;
949;29;   1789.2921;    115.2574;      29.0;
950;29;   2210.0643;    146.9504;      29.0;
951;29;   2103.4989;    174.5148;      29.0;
952;29;   1729.6614;    142.2447;      29.0;
953;29;   1991.9852;    167.9504;      29.0;
954;29;   2053.4504;    129.3861;      29.0;
955;29;   1822.8322;    143.9504;      29.0;
956;29;   1956.2668;    153.3861;      29.0;
957;29;   2065.3471;    133.9504;      29.0;
958;30;   2063.6656;    142.9504;      30.0;
959;30;   1898.9842;    125.3861;      30.0;
960;30;   2066.8428;    112.2447;      30.0;
961;30;   1838.1508;    135.9504;      30.0;
962;30;   1831.9346;    115.9504;      30.0;
963;30;   2107.2268;    145.3734;      30.0;
964;30;   1884.9852;    131.9504;      30.0;
965;30;   2082.5369;    130.9504;      30.0;
966;30;   2230.4240;    147.1034;      30.0;
967;30;   1990.7162;    166.5148;      30.0;
968;30;   2148.8607;    137.3861;      30.0;
969;30;   2194.5010;    128.3861;      30.0;
970;30;   1839.4335;    166.9504;      30.0;
971;30;   2074.7025;    151.3861;      30.0;
972;30;   1946.3703;    130.9504;      30.0;
973;30;   1901.1381;    143.3861;      30.0;
974;30;   2051.6666;    148.9504;      30.0;
975;30;   1739.1624;    122.3861;      30.0;
976;30;   2373.3987;    179.9504;      30.0;
977;30;   2062.0770;    157.9504;      30.0;
978;30;   1931.9356;    130.9504;      30.0;
979;30;   2269.3217;    170.9504;      30.0;
980;30;   2088.5242;    132.6804;      30.0;
981;30;   1950.7025;    121.3861;      30.0;
982;30;   2104.6529;    120.1034;      30.0;
983;30;   1965.3586;    186.5148;      30.0;
984;30;   2001.9715;    168.8091;      30.0;
985;30;   2181.1012;    142.3861;      30.0;
986;30;   2102.0643;    141.3861;      30.0;
987;30;   2135.6023;    139.3861;      30.0;
988;30;   1972.8439;    125.3861;      30.0;
989;30;   1857.7278;    158.9504;      30.0;
990;30;   2013.0653;    137.3861;      30.0;
991;31;   2117.4747;    141.9504;      31.0;
992;31;   2285.7310;    146.9504;      31.0;
993;31;   2110.1677;    109.3861;      31.0;
994;31;   2062.3586;    123.8217;      31.0;
995;31;   2071.3586;    142.3861;      31.0;
996;31;   2482.9398;    127.6677;      31.0;
997;31;   1754.1762;    141.3861;      31.0;
998;31;   1756.1487;    109.6804;      31.0;
999;31;   1937.0643;    108.8217;      31.0;
1000;31;   2013.5368;    150.2447;      31.0;
1001;31;   2077.1803;    146.9504;      31.0;
1002;31;   1886.0084;    106.2574;      31.0;
1003;31;   1677.8017;    102.2447;      31.0;
1004;31;   1816.7152;    115.8217;      31.0;
1005;31;   1979.3576;    129.9504;      31.0;
1006;31;   2016.0875;    116.2447;      31.0;
1007;31;   2033.7689;    137.2447;      31.0;
1008;31;   2215.9219;    124.9504;      31.0;
1009;31;   2322.5654;    179.9504;      31.0;
1010;31;   1899.2669;    141.9504;      31.0;
1011;31;   1965.4072;    126.8091;      31.0;
1012;31;   2053.2668;    142.9504;      31.0;
1013;31;   2319.3333;    149.2447;      31.0;
1014;31;   2162.1001;    178.5148;      31.0;
1015;31;   2221.1919;    142.6804;      31.0;
1016;31;   2675.0558;    168.8091;      31.0;
1017;31;   2028.3459;    130.9504;      31.0;
1018;31;   2099.3713;    150.9504;      31.0;
1019;31;   2398.5285;    157.3734;      31.0;
1020;31;   2323.2594;    155.9504;      31.0;
1021;31;   2355.4493;    132.9504;      31.0;
1022;31;   2070.0390;    109.8217;      31.0;
1023;31;   2445.2594;    158.9504;      31.0;
1024;32;   2101.7320;    134.9504;      32.0;
1025;32;   2285.7067;    134.9504;      32.0;
1026;32;   2138.3217;    106.8217;      32.0;
1027;32;   2287.3090;    153.3861;      32.0;
1028;32;   2341.3744;    134.8091;      32.0;
1029;32;   2263.2974;    154.9504;      32.0;
1030;32;   2003.0749;    115.2574;      32.0;
1031;32;   2364.4250;    138.3861;      32.0;
1032;32;   2048.3459;    117.3861;      32.0;
1033;32;   2125.4630;    134.9504;      32.0;
1034;32;   2364.9514;    153.9504;      32.0;
1035;32;   2027.2300;    121.8217;      32.0;
1036;32;   1941.7563;    179.7964;      32.0;
1037;32;   2366.3638;    127.9504;      32.0;
1038;32;   2056.7447;    171.9504;      32.0;
1039;32;   2153.1814;    133.8217;      32.0;
1040;32;   2128.7689;    147.6804;      32.0;
1041;32;   2189.8365;    133.3861;      32.0;
1042;32;   2558.4282;    161.8091;      32.0;
1043;32;   2017.0886;    149.3861;      32.0;
1044;32;   2492.9768;    167.9504;      32.0;
1045;32;   2319.3586;    140.3861;      32.0;
1046;32;   2081.6149;    134.9504;      32.0;
1047;32;   2215.0147;    147.9504;      32.0;
1048;32;   2057.1002;    115.2574;      32.0;
1049;32;   2172.5653;    141.3861;      32.0;
1050;32;   2241.5664;    153.9504;      32.0;
1051;32;   2349.5538;    153.3861;      32.0;
1052;32;   2320.1286;    161.3861;      32.0;
1053;32;   2037.4124;    126.3734;      32.0;
1054;32;   1932.1002;    125.3861;      32.0;
1055;32;   2530.6571;    161.2447;      32.0;
1056;32;   2134.7067;    130.3861;      32.0;
1057;33;   2329.2710;    153.8091;      33.0;
1058;33;   2229.5780;    138.6677;      33.0;
1059;33;   2053.2795;    115.2574;      33.0;
1060;33;   2099.0506;    125.3861;      33.0;
1061;33;   2559.9514;    126.2574;      33.0;
1062;33;   2631.4905;    139.9504;      33.0;
1063;33;   2437.5537;    142.8091;      33.0;
1064;33;   2618.4789;    146.8217;      33.0;
1065;33;   2232.8734;    140.3861;      33.0;
1066;33;   1828.2900;    114.9747;      33.0;
1067;33;   1988.5358;    137.3861;      33.0;
1068;33;   2245.2711;    137.3861;      33.0;
1069;33;   1913.2172;    135.9504;      33.0;
1070;33;   2225.7858;    127.3861;      33.0;
1071;33;   2014.5727;    124.2447;      33.0;
1072;33;   2263.5791;    143.3861;      33.0;
1073;33;   2112.4230;    131.8217;      33.0;
1074;33;   2235.8217;    163.3734;      33.0;
1075;33;   1869.4747;    178.5148;      33.0;
1076;33;   2340.5917;    127.3861;      33.0;
1077;33;   2381.5653;    135.9504;      33.0;
1078;33;   2213.6698;    125.8091;      33.0;
1079;33;   2211.8607;    136.2447;      33.0;
1080;33;   2426.7995;    142.8217;      33.0;
1081;33;   2177.0264;    167.3734;      33.0;
1082;33;   2176.8839;    109.6804;      33.0;
1083;33;   2311.5232;    143.8091;      33.0;
1084;33;   2393.0632;    127.3861;      33.0;
1085;33;   2774.9936;    148.3861;      33.0;
1086;33;   2125.3333;    164.3861;      33.0;
1087;33;   2097.0379;    116.2447;      33.0;
1088;33;   2225.4124;    126.8091;      33.0;
1089;33;   2177.8470;    138.3861;      33.0;
1090;34;   2292.3459;    129.3861;      34.0;
1091;34;   2365.2341;    173.9504;      34.0;
1092;34;   2641.5960;    141.3861;      34.0;
1093;34;   2516.1465;    142.9504;      34.0;
1094;34;   2060.0274;    129.8217;      34.0;
1095;34;   2246.8238;    153.9504;      34.0;
1096;34;   2235.9651;    160.9504;      34.0;
1097;34;   2266.2468;    119.9504;      34.0;
1098;34;   2490.3987;    148.6677;      34.0;
1099;34;   2197.6445;    132.8217;      34.0;
1100;34;   2446.8354;    133.6677;      34.0;
1101;34;   2221.5907;    136.9504;      34.0;
1102;34;   2187.3438;    130.3861;      34.0;
1103;34;   2453.9261;    140.3861;      34.0;
1104;34;   2245.3206;    167.9504;      34.0;
1105;34;   2055.8976;    136.9504;      34.0;
1106;34;   2448.0802;    148.3861;      34.0;
1107;34;   2165.9598;    143.8217;      34.0;
1108;34;   2309.5664;    131.9504;      34.0;
1109;34;   2250.1434;    131.9504;      34.0;
1110;34;   2285.8112;    124.3861;      34.0;
1111;34;   2403.3628;    113.2447;      34.0;
1112;34;   2431.9894;    133.2447;      34.0;
1113;34;   2272.3987;    134.9504;      34.0;
1114;34;   2391.2331;    134.9504;      34.0;
1115;34;   2328.7056;    130.9504;      34.0;
1116;34;   2190.8987;    179.9504;      34.0;
1117;34;   2152.9894;    126.2447;      34.0;
1118;34;   2382.1044;    147.9504;      34.0;
1119;34;   2044.4969;    123.8217;      34.0;
1120;34;   2313.2848;    111.2447;      34.0;
1121;34;   2450.5168;    166.5148;      34.0;
1122;34;   2207.5653;    158.9504;      34.0;
1123;35;   2633.5822;    134.9504;      35.0;
1124;35;   2642.2753;    149.2447;      35.0;
1125;35;   2224.3628;    141.9504;      35.0;
1126;35;   2470.3502;    162.5148;      35.0;
1127;35;   2283.9093;    136.3861;      35.0;
1128;35;   2311.7067;    146.9504;      35.0;
1129;35;   2235.4008;    136.9504;      35.0;
1130;35;   2315.2595;    136.3861;      35.0;
1131;35;   2680.9261;    191.9504;      35.0;
1132;35;   2615.3132;    137.8091;      35.0;
1133;35;   2531.9631;    137.2447;      35.0;
1134;35;   2415.6329;    127.9504;      35.0;
1135;35;   2347.8355;    141.2321;      35.0;
1136;35;   2526.0442;    124.8091;      35.0;
1137;35;   2522.3639;    142.3861;      35.0;
1138;35;   2375.0907;    135.9504;      35.0;
1139;35;   2368.0558;    147.9504;      35.0;
1140;35;   2412.1192;    147.9504;      35.0;
1141;35;   2267.2214;    135.3861;      35.0;
1142;35;   1997.8301;    137.1034;      35.0;
1143;35;   2283.2088;    130.9504;      35.0;
1144;35;   2359.6582;    157.3734;      35.0;
1145;35;   2444.5285;    167.9504;      35.0;
1146;35;   2130.3080;    142.8091;      35.0;
1147;35;   2275.8597;    179.9504;      35.0;
1148;35;   2346.5654;    130.9504;      35.0;
1149;35;   2202.8185;    105.2574;      35.0;
1150;35;   1966.0875;    148.3861;      35.0;
1151;35;   2011.9219;    123.9504;      35.0;
1152;35;   2347.9747;    145.9504;      35.0;
1153;35;   2482.2826;    153.5148;      35.0;
1154;35;   2537.6444;    158.9504;      35.0;
1155;35;   2368.2352;    157.9504;      35.0;
1156;36;   2317.1424;    152.3861;      36.0;
1157;36;   2468.7616;    132.8091;      36.0;
1158;36;   2535.6434;    145.1034;      36.0;
1159;36;   2517.8354;    137.9504;      36.0;
1160;36;   2228.2458;    153.5148;      36.0;
1161;36;   2747.4282;    154.9504;      36.0;
1162;36;   2192.3871;    131.8091;      36.0;
1163;36;   2416.3491;    147.3861;      36.0;
1164;36;   2453.2457;    138.2447;      36.0;
1165;36;   2427.0664;    191.9504;      36.0;
1166;36;   2684.9810;    166.5148;      36.0;
1167;36;   2681.1719;    167.9504;      36.0;
1168;36;   2514.5031;    136.2447;      36.0;
1169;36;   2489.8660;    132.3861;      36.0;
1170;36;   2723.5959;    162.5148;      36.0;
1171;36;   2658.2584;    139.1034;      36.0;
1172;36;   2215.3080;    123.8217;      36.0;
1173;36;   2232.2341;    144.9504;      36.0;
1174;36;   2442.6824;    141.9504;      36.0;
1175;36;   2612.4177;    124.8091;      36.0;
1176;36;   2591.7479;    164.3861;      36.0;
1177;36;   2406.8100;    131.3861;      36.0;
1178;36;   2615.7858;    154.5148;      36.0;
1179;36;   2064.1128;    131.9504;      36.0;
1180;36;   2739.9693;    153.9504;      36.0;
1181;36;   2409.7731;    120.1160;      36.0;
1182;36;   2646.9008;    131.3861;      36.0;
1183;36;   2374.1055;    156.9504;      36.0;
1184;36;   2315.2099;    139.3861;      36.0;
1185;36;   2251.5274;    116.8091;      36.0;
1186;36;   2536.0917;    145.9504;      36.0;
1187;36;   2661.5833;    130.9504;      36.0;
1188;36;   2656.0200;    135.3861;      36.0;
1189;37;   2516.2204;    137.8091;      37.0;
1190;37;   2526.9272;    153.3861;      37.0;
1191;37;   2444.0316;    141.9504;      37.0;
1192;37;   2268.7067;    154.8217;      37.0;
1193;37;   2389.1603;    149.3861;      37.0;
1194;37;   2390.6698;    154.5148;      37.0;
1195;37;   2540.7489;    131.8217;      37.0;
1196;37;   2617.5084;    126.2574;      37.0;
1197;37;   3049.3417;    174.5148;      37.0;
1198;37;   2677.9124;    184.8091;      37.0;
1199;37;   2651.2393;    174.5148;      37.0;
1200;37;   2175.1666;    142.8217;      37.0;
1201;37;   2563.9145;    154.5148;      37.0;
1202;37;   2157.3080;    114.2574;      37.0;
1203;37;   2427.7857;    145.9504;      37.0;
1204;37;   2355.5274;    109.2574;      37.0;
1205;37;   2821.1708;    147.9504;      37.0;
1206;37;   2545.4535;    155.9504;      37.0;
1207;37;   2662.2088;    123.8217;      37.0;
1208;37;   2401.2088;    125.9504;      37.0;
1209;37;   2246.4493;    122.2447;      37.0;
1210;37;   2596.8270;    137.3861;      37.0;
1211;37;   2514.2447;    170.3734;      37.0;
1212;37;   2639.8882;    140.8207;      37.0;
1213;37;   2386.1307;    129.9504;      37.0;
1214;37;   2579.7710;    150.2447;      37.0;
1215;37;   2434.9272;    174.5148;      37.0;
1216;37;   2804.6698;    137.3861;      37.0;
1217;37;   2621.9388;    146.2447;      37.0;
1218;37;   2325.2594;    146.9504;      37.0;
1219;37;   2654.2996;    158.9504;      37.0;
1220;37;   2550.5158;    149.3861;      37.0;
1221;37;   2256.4588;    121.8217;      37.0;
1222;38;   2619.9810;    133.9504;      38.0;
1223;38;   2225.2468;    167.9504;      38.0;
1224;38;   2525.5158;    143.3861;      38.0;
1225;38;   2855.3797;    148.9504;      38.0;
1226;38;   2548.0917;    153.3861;      38.0;
1227;38;   2471.8480;    129.3861;      38.0;
1228;38;   2388.9514;    109.2574;      38.0;
1229;38;   2510.4419;    123.2574;      38.0;
1230;38;   2730.1719;    171.9504;      38.0;
1231;38;   2874.1339;    158.9504;      38.0;
1232;38;   2436.2637;    167.9504;      38.0;
1233;38;   2770.5822;    136.3861;      38.0;
1234;38;   2787.9187;    141.6677;      38.0;
1235;38;   2211.2964;    119.2574;      38.0;
1236;38;   2582.0158;    139.3861;      38.0;
1237;38;   2508.8354;    132.3861;      38.0;
1238;38;   2733.9293;    179.9378;      38.0;
1239;38;   2629.7236;    142.3861;      38.0;
1240;38;   2465.7605;    134.9504;      38.0;
1241;38;   2478.9145;    130.9504;      38.0;
1242;38;   2525.5390;    131.1034;      38.0;
1243;38;   2898.5558;    179.9504;      38.0;
1244;38;   2665.2626;    156.5148;      38.0;
1245;38;   2386.3976;    122.3861;      38.0;
1246;38;   2672.1730;    146.9504;      38.0;
1247;38;   2764.8396;    125.2447;      38.0;
1248;38;   2452.5042;    149.8091;      38.0;
1249;38;   2629.5938;    146.9504;      38.0;
1250;38;   2709.0190;    135.3861;      38.0;
1251;38;   2469.3628;    153.9504;      38.0;
1252;38;   2685.8765;    132.2447;      38.0;
1253;38;   2616.7362;    112.3861;      38.0;
1254;38;   2869.9061;    136.8217;      38.0;
1255;39;   2630.1107;    131.3861;      39.0;
1256;39;   2495.1592;    166.5148;      39.0;
1257;39;   2633.7109;    142.3861;      39.0;
1258;39;   2566.1709;    142.9504;      39.0;
1259;39;   2621.2753;    161.9504;      39.0;
1260;39;   2846.3112;    136.9504;      39.0;
1261;39;   2792.6603;    147.9504;      39.0;
1262;39;   2456.9883;    159.9504;      39.0;
1263;39;   2439.6856;    149.3861;      39.0;
1264;39;   2417.1962;    135.3861;      39.0;
1265;39;   2377.5411;    175.3734;      39.0;
1266;39;   2694.2383;    148.3861;      39.0;
1267;39;   2674.1477;    171.9504;      39.0;
1268;39;   3079.9061;    179.9504;      39.0;
1269;39;   2788.1708;    166.5148;      39.0;
1270;39;   2690.8396;    129.9504;      39.0;
1271;39;   2703.8639;    145.9504;      39.0;
1272;39;   2702.6423;    148.9504;      39.0;
1273;39;   2449.5274;    156.5148;      39.0;
1274;39;   2632.3533;    125.3861;      39.0;
1275;39;   2440.9008;    174.5148;      39.0;
1276;39;   2735.6729;    142.8091;      39.0;
1277;39;   2760.0295;    167.9504;      39.0;
1278;39;   2503.1961;    166.5148;      39.0;
1279;39;   2598.0021;    141.3861;      39.0;
1280;39;   2958.8101;    130.9504;      39.0;
1281;39;   2325.9155;    129.3861;      39.0;
1282;39;   2886.9061;    137.3861;      39.0;
1283;39;   2628.1456;    124.9504;      39.0;
1284;39;   2525.9630;    148.2447;      39.0;
1285;39;   2409.5031;    127.9504;      39.0;
1286;39;   2735.8491;    178.5148;      39.0;
1287;39;   2956.6244;    174.5148;      39.0;
1288;40;   2660.3249;    137.8091;      40.0;
1289;40;   2620.1086;    134.5264;      40.0;
1290;40;   3025.0602;    140.3861;      40.0;
1291;40;   2310.0664;    142.9504;      40.0;
1292;40;   2807.7900;    143.2447;      40.0;
1293;40;   2645.8269;    111.8217;      40.0;
1294;40;   3054.6234;    129.3861;      40.0;
1295;40;   2651.8638;    118.8091;      40.0;
1296;40;   2671.7100;    179.9504;      40.0;
1297;40;   2904.2668;    133.9504;      40.0;
1298;40;   2983.9440;    133.3861;      40.0;
1299;40;   2794.7363;    116.2574;      40.0;
1300;40;   2870.5453;    119.2574;      40.0;
1301;40;   2460.9134;    152.3861;      40.0;
1302;40;   2765.1086;    174.5148;      40.0;
1303;40;   2672.7098;    148.3861;      40.0;
1304;40;   2626.2753;    131.3861;      40.0;
1305;40;   2794.4345;    116.3861;      40.0;
1306;40;   2624.6065;    141.9504;      40.0;
1307;40;   2913.6739;    167.3734;      40.0;
1308;40;   2637.9441;    157.9504;      40.0;
1309;40;   2781.1329;    116.2574;      40.0;
1310;40;   2702.5443;    137.2447;      40.0;
1311;40;   2411.8396;    141.3861;      40.0;
1312;40;   2587.5590;    141.9504;      40.0;
1313;40;   2505.3723;    141.3861;      40.0;
1314;40;   2576.3005;    134.8217;      40.0;
1315;40;   2771.6857;    141.9504;      40.0;
1316;40;   2918.0981;    152.3861;      40.0;
1317;40;   2594.8269;    129.3861;      40.0;
1318;40;   2695.1898;    141.3861;      40.0;
1319;40;   2773.5316;    142.8217;      40.0;
1320;40;   2721.1097;    132.8091;      40.0;
