1;1;     65.2574;     65.2574;       1.0;
2;1;    118.3860;    118.3860;       1.0;
3;1;     72.6930;     72.6930;       1.0;
4;1;     73.1287;     73.1287;       1.0;
5;1;     17.1287;     17.1287;       1.0;
6;1;     26.1287;     26.1287;       1.0;
7;1;     30.2574;     30.2574;       1.0;
8;1;     76.6930;     76.6930;       1.0;
9;1;     72.2574;     72.2574;       1.0;
10;1;     94.2574;     94.2574;       1.0;
11;1;     63.8217;     63.8217;       1.0;
12;1;     63.8217;     63.8217;       1.0;
13;1;     66.8217;     66.8217;       1.0;
14;1;     93.3861;     93.3861;       1.0;
15;1;     94.3861;     94.3861;       1.0;
16;1;     75.6930;     75.6930;       1.0;
17;1;     70.1287;     70.1287;       1.0;
18;1;      2.0000;      2.0000;       1.0;
19;1;     14.6930;     14.6930;       1.0;
20;1;     96.8217;     96.8217;       1.0;
21;1;     46.1287;     46.1287;       1.0;
22;1;     98.6930;     98.6930;       1.0;
23;1;     55.1287;     55.1287;       1.0;
24;1;     57.2574;     57.2574;       1.0;
25;1;     67.8217;     67.8217;       1.0;
26;1;     74.6930;     74.6930;       1.0;
27;1;     13.5643;     13.5643;       1.0;
28;1;     96.8217;     96.8217;       1.0;
29;1;     25.6930;     25.6930;       1.0;
30;1;     73.6930;     73.6930;       1.0;
31;1;     32.1287;     32.1287;       1.0;
32;1;     36.6930;     36.6930;       1.0;
33;1;     78.1287;     78.1287;       1.0;
34;2;    151.0790;     87.3861;       2.0;
35;2;    160.5150;    116.3860;       2.0;
36;2;    138.3860;     88.6930;       2.0;
37;2;     47.6930;     38.1287;       2.0;
38;2;    135.9500;     84.2574;       2.0;
39;2;     65.3861;     39.1287;       2.0;
40;2;    161.0790;     89.3861;       2.0;
41;2;    144.0790;     80.3861;       2.0;
42;2;     68.1287;     66.1287;       2.0;
43;2;    113.5150;     57.8217;       2.0;
44;2;    154.6430;    109.9500;       2.0;
45;2;    150.0790;    113.3860;       2.0;
46;2;    102.9500;     58.8217;       2.0;
47;2;    111.0790;     59.2574;       2.0;
48;2;     92.8217;     54.6930;       2.0;
49;2;    158.0790;    104.3860;       2.0;
50;2;     91.8217;     74.6930;       2.0;
51;2;     72.6930;     47.1287;       2.0;
52;2;     88.8217;     52.1287;       2.0;
53;2;    281.3360;    145.9500;       2.0;
54;2;    128.5150;     78.8217;       2.0;
55;2;    143.9500;     73.2574;       2.0;
56;2;    206.2080;    103.8220;       2.0;
57;2;     90.2574;     58.1287;       2.0;
58;2;    177.0790;    104.2570;       2.0;
59;2;    179.0790;    109.3860;       2.0;
60;2;    135.5150;    106.3860;       2.0;
61;2;    150.6430;     98.3861;       2.0;
62;2;    164.5150;     92.3861;       2.0;
63;2;    120.0790;     77.8217;       2.0;
64;2;    167.0790;    124.9500;       2.0;
65;2;    123.9500;     62.6930;       2.0;
66;2;    203.0790;    116.8220;       2.0;
67;3;    170.6430;     74.8217;       3.0;
68;3;    145.0790;     65.2574;       3.0;
69;3;    179.2080;     81.2574;       3.0;
70;3;    198.2080;     99.8217;       3.0;
71;3;    181.0410;     81.6930;      41.0;
72;3;    112.2080;     75.8217;       3.0;
73;3;    271.2080;    101.2570;       3.0;
74;3;    183.2080;    108.3860;       3.0;
75;3;    176.7720;     84.3861;       3.0;
76;3;    254.3370;     95.2574;       3.0;
77;3;    228.9230;     98.2574;      35.0;
78;3;    296.9010;    123.8220;       3.0;
79;3;    148.6430;     67.2574;       3.0;
80;3;     87.9504;     42.2574;       3.0;
81;3;    243.9010;    107.2570;       3.0;
82;3;    191.6430;     69.1287;       3.0;
83;3;    249.9010;     93.2574;       3.0;
84;3;    226.9010;     93.3861;       3.0;
85;3;    193.2080;     96.8217;       3.0;
86;3;    284.4650;    137.3860;       3.0;
87;3;    228.7720;    117.3860;       3.0;
88;3;    220.7720;     98.3861;       3.0;
89;3;    250.3360;    158.9500;       3.0;
90;3;    161.6430;     57.8217;       3.0;
91;3;    136.5150;     70.6930;       3.0;
92;3;    216.6430;     90.2574;       3.0;
93;3;    127.6430;     60.8217;       3.0;
94;3;    249.0300;    158.9500;       3.0;
95;3;    188.0790;     67.6930;       3.0;
96;3;    191.2080;     94.3861;       3.0;
97;3;    151.9500;     98.2574;       3.0;
98;3;    202.8340;     86.8217;     137.0;
99;3;    161.6430;     77.2574;       3.0;
100;4;    321.1580;    102.3860;       4.0;
101;4;    174.7720;     81.8217;       4.0;
102;4;    453.8510;    130.9500;       4.0;
103;4;    268.4650;    124.3860;       4.0;
104;4;    280.7450;     79.4084;      36.0;
105;4;    233.2690;    101.3190;      82.0;
106;4;    248.2080;     75.1287;       4.0;
107;4;    225.7720;     98.8217;       4.0;
108;4;    341.7230;    110.8220;       4.0;
109;4;    239.6160;     75.8217;      36.0;
110;4;    278.7230;    104.3860;       4.0;
111;4;    225.9010;     87.8217;       4.0;
112;4;    237.2080;    104.2570;       4.0;
113;4;    139.6430;     63.8217;       4.0;
114;4;    267.4650;    110.3860;       4.0;
115;4;    329.7840;     88.8217;     102.0;
116;4;    196.3360;     65.1287;       4.0;
117;4;    280.3610;     83.6930;      38.0;
118;4;    231.3360;     75.6930;       4.0;
119;4;    338.6550;    131.9500;      82.0;
120;4;    305.0300;    142.8220;       4.0;
121;4;    313.0300;    139.3860;       4.0;
122;4;    320.0300;    107.2570;       4.0;
123;4;    237.7720;     86.6930;       4.0;
124;4;    315.0300;     99.8217;       4.0;
125;4;    275.3360;     91.6930;       4.0;
126;4;    205.9010;     65.6930;       4.0;
127;4;    207.6430;     87.2574;       4.0;
128;4;    278.8000;    117.8220;      18.0;
129;4;    307.4650;    122.8220;       4.0;
130;4;     86.8217;     32.5643;       4.0;
131;4;    189.6430;     74.6930;       4.0;
132;4;    249.7720;     94.8217;       4.0;
133;5;    446.8510;    141.9500;       5.0;
134;5;    442.9800;    146.9500;       5.0;
135;5;    240.9010;     78.2574;       5.0;
136;5;    425.2870;    123.3860;       5.0;
137;5;    351.7230;    115.8220;       5.0;
138;5;    302.3480;     79.2574;     107.0;
139;5;    308.5940;     93.3861;       5.0;
140;5;    472.4160;    137.3860;       5.0;
141;5;    399.7230;    152.3860;       5.0;
142;5;    322.7230;    125.3860;       5.0;
143;5;    247.4650;     77.6930;       5.0;
144;5;    472.9800;    166.5150;       5.0;
145;5;    390.5940;     95.8217;       5.0;
146;5;    325.1580;     99.2574;       5.0;
147;5;    244.0300;     84.8217;       5.0;
148;5;    334.2870;    117.8220;       5.0;
149;5;    292.2870;     71.8217;       5.0;
150;5;    418.2870;    119.3860;       5.0;
151;5;    379.7230;     99.2574;       5.0;
152;5;    313.1090;     82.6930;       9.0;
153;5;    279.9010;     76.2574;       5.0;
154;5;    270.5940;     99.2574;       5.0;
155;5;    391.7230;     98.2574;       5.0;
156;5;    201.3370;     59.8217;       5.0;
157;5;    529.8020;    157.9500;       5.0;
158;5;    298.1800;     90.8440;      37.0;
159;5;    508.5440;    183.9500;       5.0;
160;5;    398.2870;    125.3860;       5.0;
161;5;    359.4380;    112.3860;      37.0;
162;5;    265.4650;    132.3860;       5.0;
163;5;    273.0300;     85.2574;       5.0;
164;5;    467.9800;    110.3860;       5.0;
165;5;    351.9010;     89.2574;       5.0;
166;6;    382.9130;     88.2574;     108.0;
167;6;    468.9800;    137.3860;       6.0;
168;6;    417.1090;    104.3860;       6.0;
169;6;    409.7340;     95.2574;     108.0;
170;6;    533.5670;    160.3860;      38.0;
171;6;    539.1090;    128.3860;       6.0;
172;6;    452.5440;    122.3860;       6.0;
173;6;    462.1090;    130.9500;       6.0;
174;6;    317.2200;    125.3860;       8.0;
175;6;    338.2870;    101.2570;       6.0;
176;6;    244.2200;     85.2574;     134.0;
177;6;    491.9800;    124.3860;       6.0;
178;6;    312.9010;    128.2570;       6.0;
179;6;    364.4770;    141.3860;     102.0;
180;6;    508.2370;    117.3860;       6.0;
181;6;    456.9800;    136.9500;       6.0;
182;6;    525.8020;    145.9500;       6.0;
183;6;    517.9300;    141.9500;       6.0;
184;6;    442.6730;    111.8220;       6.0;
185;6;    220.1580;     52.2574;       6.0;
186;6;    369.4160;    105.2570;       6.0;
187;6;    478.9800;     91.2574;       6.0;
188;6;    389.9460;    110.2570;      10.0;
189;6;    517.1090;    115.3860;       6.0;
190;6;    408.1090;    109.8220;       6.0;
191;6;    266.2870;    106.8220;       6.0;
192;6;    543.6730;    128.8220;       6.0;
193;6;    420.3590;    112.5940;   25614.0;
194;6;    501.9300;    118.9500;       6.0;
195;6;    360.8510;    131.9500;       6.0;
196;6;    401.9800;     94.2574;       6.0;
197;6;    318.5940;     81.6930;       6.0;
198;6;    440.2870;    125.3860;       6.0;
199;7;    519.5190;    115.8220;      37.0;
200;7;    327.2870;     94.8217;       7.0;
201;7;    350.8510;     94.2574;       7.0;
202;7;    484.2370;     99.3861;       7.0;
203;7;    604.6850;    135.9500;      75.0;
204;7;    352.9130;    100.2570;     109.0;
205;7;    493.9940;    139.3860;   10439.0;
206;7;    512.8020;    114.3860;       7.0;
207;7;    557.8260;    148.3860;      45.0;
208;7;    342.0300;     74.1287;       7.0;
209;7;    507.1700;    123.9500;     105.0;
210;7;    370.7230;     89.2574;       7.0;
211;7;    414.6730;    109.8220;       7.0;
212;7;    438.5440;    101.2570;       7.0;
213;7;    395.9130;    106.6930;      11.0;
214;7;    440.3480;    111.8220;      91.0;
215;7;    538.6230;    117.3860;       7.0;
216;7;    613.8260;    148.9750;      45.0;
217;7;    549.6730;    141.3860;       7.0;
218;7;    459.5440;    161.9500;       7.0;
219;7;    536.9300;    121.9500;       7.0;
220;7;    470.9800;    138.3860;       7.0;
221;7;    506.1090;    158.9500;       7.0;
222;7;    497.7340;     98.4475;      85.0;
223;7;    441.9920;     99.0118;     135.0;
224;7;    404.9800;     92.6930;       7.0;
225;7;    590.3660;    129.3860;       7.0;
226;7;    524.1230;    124.9500;      17.0;
227;7;    601.8630;    131.3860;      75.0;
228;7;    486.1090;    115.3860;       7.0;
229;7;    492.7340;     97.8831;      85.0;
230;7;    414.1700;    107.0120;      85.0;
231;7;    593.9300;    127.9500;       7.0;
232;8;    381.3660;     68.8217;       8.0;
233;8;    559.8020;    101.2570;       8.0;
234;8;    535.2490;     92.8831;      86.0;
235;8;    554.7520;    118.9500;       8.0;
236;8;    518.8290;    117.3860;      22.0;
237;8;    584.0860;    120.3860;      22.0;
238;8;    465.1090;     81.6930;       8.0;
239;8;    555.4950;     95.2574;       8.0;
240;8;    385.1090;     79.2574;       8.0;
241;8;    433.9800;    115.2570;       8.0;
242;8;    671.7520;    153.3860;       8.0;
243;8;    619.6230;    158.9500;       8.0;
244;8;    652.6350;    111.3860;     112.0;
245;8;    537.1880;    100.3860;       8.0;
246;8;    460.4270;     87.3861;     136.0;
247;8;    676.8140;    116.2570;     130.0;
248;8;    421.9800;    105.8220;       8.0;
249;8;    408.4160;     88.2574;       8.0;
250;8;    428.1090;     87.2574;       8.0;
251;8;    504.1090;     87.2574;       8.0;
252;8;    586.5560;    123.0120;     106.0;
253;8;    399.5440;    115.3860;       8.0;
254;8;    567.5560;    124.9500;      92.0;
255;8;    468.4270;     88.3861;     142.0;
256;8;    362.1880;     97.2574;      12.0;
257;8;    511.3880;    123.8220;      30.0;
258;8;    483.9800;     98.6930;       8.0;
259;8;    446.6060;    110.3860;     138.0;
260;8;    674.9300;    137.3860;       8.0;
261;8;    533.0070;    113.3860;      16.0;
262;8;    613.6850;    120.3860;      86.0;
263;8;    517.8630;    105.3860;     110.0;
264;8;    500.6730;    116.2570;       8.0;
265;9;    615.3390;    108.8220;      39.0;
266;9;    624.7520;    117.3860;       9.0;
267;9;    594.6230;    130.9500;       9.0;
268;9;    492.8220;    115.9430;      71.0;
269;9;    498.2490;    106.8220;     139.0;
270;9;    574.9300;    118.9500;       9.0;
271;9;    639.7460;    117.2570;     187.0;
272;9;    729.4450;    127.3860;       9.0;
273;9;    618.3660;    135.3860;       9.0;
274;9;    467.1090;     94.2574;       9.0;
275;9;    563.0210;    102.3860;     173.0;
276;9;    569.7520;     87.3861;       9.0;
277;9;    642.7520;    134.8220;       9.0;
278;9;    617.2370;    109.2570;       9.0;
279;9;    488.2370;    118.2570;       9.0;
280;9;    629.4670;    131.8220;      35.0;
281;9;    662.5560;    153.3860;     129.0;
282;9;    557.0160;    105.2570;     335.0;
283;9;    751.1880;    111.2570;       9.0;
284;9;    452.2370;    108.2570;       9.0;
285;9;    777.4450;    145.9500;       9.0;
286;9;    550.2370;    110.3860;       9.0;
287;9;    583.3110;    100.4470;     859.0;
288;9;    690.1200;    111.8220;      13.0;
289;9;    606.5020;    125.3860;     201.0;
290;9;    599.2490;    148.9500;      13.0;
291;9;    512.1880;     83.6930;       9.0;
292;9;    425.5440;    107.2570;       9.0;
293;9;    695.5680;    154.9500;     829.0;
294;9;    649.1880;    143.3860;       9.0;
295;9;    620.6950;    111.8220;   25629.0;
296;9;    672.8130;    134.9500;      13.0;
297;9;    663.4950;    107.8220;       9.0;
298;10;    697.5740;    148.9500;      10.0;
299;10;    624.1880;    114.3860;      10.0;
300;10;    659.1600;    111.9500;      42.0;
301;10;    525.4950;    111.9500;      10.0;
302;10;    847.7020;    179.9500;      10.0;
303;10;    737.2890;    106.3860;      40.0;
304;10;    721.6230;    115.2570;      10.0;
305;10;    577.5560;    105.6930;     138.0;
306;10;    837.8670;    166.5150;     546.0;
307;10;    517.7520;    153.3860;      10.0;
308;10;    682.8890;    123.9500;    1820.0;
309;10;    732.8280;    130.5120;      20.0;
310;10;    767.0090;    117.3860;      10.0;
311;10;    649.0040;    110.2570;     856.0;
312;10;    504.7800;     82.8217;      24.0;
313;10;    569.2710;    104.8220;     288.0;
314;10;    669.7520;    110.3860;      10.0;
315;10;    714.2420;    103.2570;      42.0;
316;10;    463.6730;     85.2574;      10.0;
317;10;    519.8780;     89.2574;     258.0;
318;10;    900.5860;    151.3860;      82.0;
319;10;    719.9170;    156.5150;   41110.0;
320;10;    875.8310;    116.2570;      10.0;
321;10;    657.3160;    123.3860;      10.0;
322;10;    662.9420;    103.2570;      78.0;
323;10;    638.9550;    105.2570;      30.0;
324;10;    681.8810;    125.3860;      10.0;
325;10;    579.6230;    113.2570;      10.0;
326;10;    703.8960;    122.8220;      22.0;
327;10;    706.0020;    133.8220;      32.0;
328;10;    583.7520;    123.9500;      10.0;
329;10;    686.4450;    118.3860;      10.0;
330;10;    733.2670;    110.3860;      10.0;
331;11;    779.6350;    167.9500;      15.0;
332;11;    627.1880;    141.3860;      11.0;
333;11;    834.7000;    136.9500;      31.0;
334;11;    678.4450;    130.9500;      11.0;
335;11;    816.9600;    136.9500;      11.0;
336;11;    505.5560;     75.2574;     141.0;
337;11;    829.4180;    116.3860;      43.0;
338;11;    783.7950;    141.9500;      25.0;
339;11;    799.1130;    147.9500;      53.0;
340;11;    967.4070;    168.5760;      93.0;
341;11;    675.8810;    112.3860;      11.0;
342;11;    797.9600;    104.3860;      11.0;
343;11;    715.9540;     94.3861;    1101.0;
344;11;    614.3160;    125.3860;      11.0;
345;11;    729.6350;    106.2570;     113.0;
346;11;    792.5960;    119.8220;      41.0;
347;11;    582.5590;    109.2570;      35.0;
348;11;    693.2610;    105.2570;     987.0;
349;11;    785.1440;    116.8220;     853.0;
350;11;    935.6530;    123.3860;      11.0;
351;11;    549.3160;    100.8220;      11.0;
352;11;    878.2670;    178.5150;      11.0;
353;11;    725.7520;    115.3860;      11.0;
354;11;    634.6850;    118.9500;     441.0;
355;11;    901.5240;    137.3860;      11.0;
356;11;    611.8130;     94.3861;     141.0;
357;11;    772.4570;    131.9500;     141.0;
358;11;    791.0210;    130.9500;     149.0;
359;11;    727.0090;    146.9500;      11.0;
360;11;    787.3280;    109.8220;     113.0;
361;11;    642.8810;     99.3861;      11.0;
362;11;    637.2490;     96.3861;      15.0;
363;11;    726.5740;    133.9500;      11.0;
364;12;    722.5740;    108.8220;      12.0;
365;12;    710.6530;    130.8220;      16.0;
366;12;    972.0920;    146.8220;   12016.0;
367;12;    708.5310;    107.8830;     292.0;
368;12;    816.0460;    105.2570;     250.0;
369;12;    928.3700;    123.9500;      58.0;
370;12;    939.8430;    139.3860;     140.0;
371;12;    851.6530;    145.9500;      12.0;
372;12;    864.6530;    104.2570;      12.0;
373;12;    716.9840;    104.3860;      42.0;
374;12;    939.3460;    132.9500;      12.0;
375;12;    792.7020;     89.2574;      12.0;
376;12;    941.0890;    146.8220;      12.0;
377;12;    822.8640;    116.3860;      22.0;
378;12;    774.3280;    130.3860;      78.0;
379;12;    819.0890;    120.8220;      12.0;
380;12;    803.8310;    107.8220;      12.0;
381;12;    938.7710;    169.0410;     340.0;
382;12;    798.2670;    105.8220;      12.0;
383;12;    941.9650;    121.4470;     278.0;
384;12;    886.5540;    121.9500;      16.0;
385;12;    937.1180;    147.9500;      32.0;
386;12;    916.1380;    123.8220;      12.0;
387;12;    861.7820;    114.3860;      12.0;
388;12;    931.9600;    135.3860;      12.0;
389;12;    895.2790;    168.5150;     132.0;
390;12;    777.4990;     98.3861;     288.0;
391;12;    762.6350;    129.3860;      80.0;
392;12;    727.8310;     98.3861;      12.0;
393;12;    792.1650;    149.3860;      20.0;
394;12;    686.1600;     99.3861;      42.0;
395;12;    705.5710;    112.9730;     130.0;
396;12;    659.2000;    104.2570;     140.0;
397;13;   1168.6600;    139.3860;     147.0;
398;13;    967.8670;    147.9500;    2323.0;
399;13;    896.7320;    135.9500;      17.0;
400;13;    762.7640;     95.3188;      85.0;
401;13;    775.8530;    104.2570;      45.0;
402;13;    776.5180;    111.8220;     949.0;
403;13;    836.3960;    121.8220;      13.0;
404;13;    842.0390;    123.3860;      13.0;
405;13;    798.8140;    110.3860;      23.0;
406;13;    709.6350;    117.2570;     145.0;
407;13;    872.3230;    135.9500;    1069.0;
408;13;    701.5180;     94.8217;    1059.0;
409;13;   1008.4700;    121.3860;      13.0;
410;13;   1029.7100;    141.3860;     109.0;
411;13;    680.4730;    115.6930;      27.0;
412;13;    897.8090;    127.3860;      27.0;
413;13;    731.0710;    105.8220;     103.0;
414;13;   1005.7800;    146.9500;      13.0;
415;13;   1027.5000;    121.8220;      39.0;
416;13;    720.1380;    140.3860;      13.0;
417;13;    843.1500;    145.9500;     135.0;
418;13;   1033.4100;    130.9500;      81.0;
419;13;    894.6530;    141.9500;      13.0;
420;13;    922.7140;    160.9500;      19.0;
421;13;    954.9100;    155.9500;      13.0;
422;13;   1103.6000;    155.9500;      13.0;
423;13;    801.7320;     92.3861;      17.0;
424;13;    961.7820;    125.3860;      13.0;
425;13;    994.7820;    125.9500;      13.0;
426;13;    882.5180;    113.3860;   18363.0;
427;13;    899.8930;    121.8220;      81.0;
428;13;   1008.3700;    121.3860;      45.0;
429;13;    823.3960;    146.9500;      13.0;
430;14;    984.9680;    126.3860;     864.0;
431;14;    901.9840;    143.3860;      46.0;
432;14;    810.5180;    129.3860;    1154.0;
433;14;    880.2790;    102.2570;     116.0;
434;14;   1076.6500;    134.9500;     168.0;
435;14;   1036.4900;    140.3860;     116.0;
436;14;    961.1740;    110.3860;    3876.0;
437;14;    933.0610;    121.3860;      44.0;
438;14;    848.7820;    118.9500;      14.0;
439;14;    825.5860;    103.3860;     104.0;
440;14;    742.4950;    103.6930;      68.0;
441;14;    899.9580;    164.0410;    2844.0;
442;14;    952.5360;    114.8220;     130.0;
443;14;    949.2170;     98.3861;      14.0;
444;14;    893.7760;    110.2570;     890.0;
445;14;    982.9940;    110.9730;     306.0;
446;14;   1019.5600;    130.9500;    2370.0;
447;14;    905.0210;    123.2570;     134.0;
448;14;    882.0900;    106.2570;     990.0;
449;14;    791.9600;    129.3860;      14.0;
450;14;   1167.4300;    139.9500;      14.0;
451;14;    900.5610;    129.9500;     324.0;
452;14;    692.5470;     76.6930;      44.0;
453;14;    917.1400;    127.4240;    2402.0;
454;14;    804.1110;    112.3860;      44.0;
455;14;    869.6750;    103.3860;      38.0;
456;14;    943.7140;    167.9500;      92.0;
457;14;    907.9920;    116.3860;   29464.0;
458;14;    963.5750;    131.9500;     304.0;
459;14;    971.6940;    134.9800;     314.0;
460;14;    885.0890;    119.9500;      14.0;
461;14;    796.6470;    105.8220;      70.0;
462;14;    812.2730;    113.8220;    3152.0;
463;15;    926.1570;    108.3860;      61.0;
464;15;    985.4070;    100.3860;     117.0;
465;15;   1034.3300;    124.9500;     277.0;
466;15;   1161.3700;    157.9500;      41.0;
467;15;    894.1370;    111.8220;    3917.0;
468;15;    897.9600;    109.8220;      15.0;
469;15;    882.4070;    124.9500;     117.0;
470;15;    886.8930;    126.0120;     117.0;
471;15;   1028.7200;    114.3860;     143.0;
472;15;   1026.1000;    141.9500;      19.0;
473;15;   1131.0500;    131.5760;   28003.0;
474;15;    983.4970;    152.3860;      45.0;
475;15;    922.1720;    119.2570;      91.0;
476;15;   1043.4300;    130.9500;      15.0;
477;15;    884.6530;    107.2570;      15.0;
478;15;    892.6650;     92.3861;     117.0;
479;15;    964.1000;    106.3860;      97.0;
480;15;   1001.8300;    122.3860;     137.0;
481;15;    769.4570;    117.8220;      93.0;
482;15;    987.1130;    132.8220;      47.0;
483;15;    958.2540;    111.3860;     431.0;
484;15;   1046.2500;    133.9730;     251.0;
485;15;    920.8430;    105.2570;    2741.0;
486;15;   1101.7300;    123.3860;      15.0;
487;15;   1146.6800;    145.9500;   15129.0;
488;15;   1161.0400;    137.3860;     207.0;
489;15;   1035.5000;    130.9500;      19.0;
490;15;    908.5970;    134.9500;     813.0;
491;15;   1093.6000;    137.9500;      15.0;
492;15;    939.0210;    137.3860;      93.0;
493;15;    975.9530;    117.8220;   11095.0;
494;15;   1240.6200;    151.3860;      19.0;
495;15;   1003.6000;    110.2570;      95.0;
496;16;   1297.5700;    118.3860;    1574.0;
497;16;    976.3460;    112.3860;      16.0;
498;16;   1093.5400;    118.2570;     116.0;
499;16;   1212.2100;    178.5150;     184.0;
500;16;   1204.3700;    139.3860;    1058.0;
501;16;    999.6360;    113.3860;    3272.0;
502;16;   1084.8900;    167.9500;    1156.0;
503;16;    981.3040;    109.9750;    7550.0;
504;16;   1023.6100;    141.3860;    5222.0;
505;16;    943.9990;     99.2574;     278.0;
506;16;   1188.7000;    168.9500;      48.0;
507;16;   1212.1400;    148.3860;     484.0;
508;16;   1168.7300;    137.3860;    1322.0;
509;16;   1276.6700;    127.3860;    2414.0;
510;16;   1134.5000;    132.3860;     156.0;
511;16;    949.9720;    117.4470;      20.0;
512;16;   1108.4500;    106.3860;      30.0;
513;16;   1011.4100;    121.3860;     144.0;
514;16;   1130.3100;    118.8220;      74.0;
515;16;   1122.9300;    130.3860;      46.0;
516;16;   1048.0100;    131.5760;     142.0;
517;16;   1004.7800;    117.2570;     768.0;
518;16;    920.7260;    102.2570;      62.0;
519;16;   1033.8100;    125.0120;     162.0;
520;16;   1071.8700;    136.9500;   13522.0;
521;16;   1193.0100;    117.8220;      62.0;
522;16;    946.7830;    114.3860;      94.0;
523;16;   1216.2000;    135.3860;    1938.0;
524;16;   1049.4200;    115.3860;      96.0;
525;16;   1109.9200;    141.9500;    7196.0;
526;16;   1028.5900;    105.2570;   23988.0;
527;16;   1023.6500;    112.3860;    7868.0;
528;16;   1146.9600;    124.3860;    1644.0;
529;17;   1099.6400;    154.3860;     343.0;
530;17;   1252.9500;    145.9500;     891.0;
531;17;   1255.6800;    170.9500;     651.0;
532;17;   1252.5300;    137.3860;    1809.0;
533;17;   1104.3700;    130.9500;    3791.0;
534;17;   1202.4000;    114.3860;     433.0;
535;17;    978.1200;    124.3860;     455.0;
536;17;   1224.1700;    127.2570;     233.0;
537;17;   1037.9800;    104.8220;    1241.0;
538;17;   1123.7400;    174.5150;     151.0;
539;17;   1250.7600;    158.9500;    2043.0;
540;17;    957.9670;    123.2570;   14039.0;
541;17;   1132.0500;    124.3860;     169.0;
542;17;   1035.5600;    147.9500;     223.0;
543;17;   1152.9600;     94.8217;    2435.0;
544;17;   1270.5300;    137.3860;    6817.0;
545;17;   1220.1200;    129.9500;      17.0;
546;17;   1043.4700;     97.2574;      17.0;
547;17;    967.4930;    107.2570;    3099.0;
548;17;   1213.5800;    129.3860;      49.0;
549;17;    917.7760;     92.3861;     207.0;
550;17;   1168.5800;    126.2570;    1121.0;
551;17;   1033.6800;    107.6930;    2629.0;
552;17;    911.8550;    109.2570;     179.0;
553;17;   1204.8300;    145.9500;    1285.0;
554;17;   1053.9900;    110.3860;     189.0;
555;17;   1113.1000;    146.9500;     925.0;
556;17;   1141.5000;    146.9500;   21639.0;
557;17;   1208.1200;    178.5150;     669.0;
558;17;   1045.7300;    125.3860;    1019.0;
559;17;   1195.2000;    143.3860;     241.0;
560;17;   1107.4200;    131.3860;     703.0;
561;17;   1157.6500;    137.3860;   23831.0;
562;18;    957.1750;    128.3860;    1528.0;
563;18;   1142.7400;    109.2570;      86.0;
564;18;   1199.1800;    131.9500;     102.0;
565;18;   1051.2500;    143.3860;     262.0;
566;18;   1194.3800;    131.3860;     288.0;
567;18;   1249.9600;    130.9500;   36110.0;
568;18;   1032.4500;    116.3860;      50.0;
569;18;   1360.7600;    158.9500;      58.0;
570;18;   1361.9500;    153.5150;      28.0;
571;18;   1157.3100;    137.3860;     148.0;
572;18;   1474.0100;    166.5150;      40.0;
573;18;   1061.9500;    105.8830;  198970.0;
574;18;   1156.5900;    111.3860;    2478.0;
575;18;   1262.0600;    130.8220;   26750.0;
576;18;   1309.9100;    156.9500;      50.0;
577;18;   1228.1300;    117.3860;      96.0;
578;18;   1258.8600;    129.3860;    3830.0;
579;18;   1106.6200;    118.3860;     120.0;
580;18;   1323.8100;    136.9500;      18.0;
581;18;   1276.1800;    129.9500;   23870.0;
582;18;         NaN;         NaN;  221896.0;
583;18;   1157.5700;    101.8220;    1750.0;
584;18;   1150.2100;    109.3860;   44610.0;
585;18;   1032.6800;    129.9500;     642.0;
586;18;   1289.5900;    141.9500;     492.0;
587;18;   1036.8200;     90.6930;    5956.0;
588;18;   1093.8600;    121.8220;     178.0;
589;18;   1308.9700;    125.0730;  113828.0;
590;18;   1533.4200;    150.9500;    2276.0;
591;18;   1176.3000;    131.9500;    1010.0;
592;18;   1318.7400;    125.3860;     110.0;
593;18;   1287.8700;    119.8220;     134.0;
594;18;   1067.3300;    110.3860;     338.0;
595;19;   1333.6700;    153.3860;   15735.0;
596;19;   1044.1900;    117.2570;      49.0;
597;19;   1314.9600;    126.3860;     243.0;
598;19;   1143.6400;    129.3860;      59.0;
599;19;   1447.9300;    141.9500;     527.0;
600;19;   1339.2000;    154.5150;      19.0;
601;19;   1049.8900;    157.9500;   20487.0;
602;19;   1106.7300;    133.8220;     955.0;
603;19;    987.7260;     98.3861;     151.0;
604;19;   1350.7900;    116.3860;     341.0;
605;19;   1367.6200;    131.3860;     125.0;
606;19;   1287.7900;    129.9500;      51.0;
607;19;   1095.9000;    141.9500;     699.0;
608;19;   1295.8800;    153.3860;    1427.0;
609;19;   1322.6800;    125.9730;     119.0;
610;19;   1332.1300;    148.3860;     121.0;
611;19;   1402.9100;    133.3860;   14945.0;
612;19;   1275.5500;    115.9500;   67827.0;
613;19;   1311.1700;    160.9500;     567.0;
614;19;   1212.9700;    154.9500;      33.0;
615;19;   1270.8500;    156.9500;     299.0;
616;19;   1069.7200;    118.2570;    2483.0;
617;19;   1195.1200;    103.6930;    5467.0;
618;19;   1225.5500;    121.3860;      19.0;
619;19;   1446.3500;    131.8220;      33.0;
620;19;   1225.8100;    138.3860;      99.0;
621;19;   1257.8700;    147.3860;     121.0;
622;19;   1347.0100;    136.9500;    1549.0;
623;19;   1247.5700;    132.3860;     121.0;
624;19;   1229.3100;    186.5150;     133.0;
625;19;   1127.8900;    107.8220;     287.0;
626;19;   1105.0200;    130.9500;     255.0;
627;19;    970.1290;    133.8220;     245.0;
628;20;   1271.7200;    110.3860;     298.0;
629;20;   1543.4300;    141.3860;      52.0;
630;20;   1223.8100;    111.8220;   43540.0;
631;20;   1438.1300;    138.0120;    3234.0;
632;20;   1394.5400;    128.2570;     970.0;
633;20;   1234.8700;    103.2570;     150.0;
634;20;   1630.3200;    146.9500;    2980.0;
635;20;   1202.7300;    123.8220;      20.0;
636;20;   1330.0100;    129.3860;     952.0;
637;20;   1353.8200;    124.9500;     836.0;
638;20;   1162.2400;    142.9500;    1580.0;
639;20;   1298.3500;    104.3190;   89284.0;
640;20;   1243.9500;    111.6080;   41036.0;
641;20;   1239.7800;    154.8220;     668.0;
642;20;   1253.9600;    112.3860;     728.0;
643;20;   1171.6800;    130.9500;     136.0;
644;20;   1348.5400;    104.3860;   16718.0;
645;20;   1245.4600;    118.9500;     286.0;
646;20;   1553.5200;    153.3860;    6654.0;
647;20;   1296.2600;    147.3860;      24.0;
648;20;   1394.2800;    156.5150;     322.0;
649;20;   1308.6500;    109.8220;    2000.0;
650;20;   1678.0500;    179.9500;     884.0;
651;20;   1462.2100;    129.3860;     926.0;
652;20;   1323.0100;    141.3860;     620.0;
653;20;   1334.8800;    120.8220;    1062.0;
654;20;   1202.5900;    112.0120;   22506.0;
655;20;   1444.0600;    123.8220;   67148.0;
656;20;   1379.2000;    152.3860;      24.0;
657;20;   1311.5000;    158.9500;      20.0;
658;20;   1456.9800;    171.9500;    4838.0;
659;20;   1573.0300;    147.9500;     122.0;
660;20;   1490.3600;    131.9500;   14372.0;
661;21;   1374.3600;    126.2570;     323.0;
662;21;   1258.2300;    137.3860;   14893.0;
663;21;   1487.6700;    130.9500;    8399.0;
664;21;   1361.0100;    113.2570;     781.0;
665;21;   1450.0900;    132.5370;    6619.0;
666;21;   1496.5600;    136.9500;    2677.0;
667;21;   1384.2600;    142.8220;     123.0;
668;21;   1500.2100;    127.9500;    1041.0;
669;21;   1337.2900;    105.3860;     323.0;
670;21;   1446.1900;    135.9500;   45303.0;
671;21;   1532.6700;    146.9500;    3261.0;
672;21;   1527.9500;    118.3860;     441.0;
673;21;         NaN;         NaN;  244485.0;
674;21;   1505.9800;    137.3860;     345.0;
675;21;   1256.4400;    109.2570;    5717.0;
676;21;   1443.7100;    115.3860;      21.0;
677;21;   1579.6800;    140.0120;    1231.0;
678;21;   1505.7100;    130.9500;    6963.0;
679;21;   1206.9100;    118.9500;     183.0;
680;21;   1425.5000;    145.9500;   15231.0;
681;21;   1378.0700;    106.8220;     305.0;
682;21;   1592.2000;    154.9500;      71.0;
683;21;   1325.8300;    140.3860;     683.0;
684;21;   1436.5400;    143.8220;      77.0;
685;21;   1279.9900;    104.3860;     121.0;
686;21;   1159.0600;    158.9500;     853.0;
687;21;   1402.0900;    166.5150;    2133.0;
688;21;   1266.7800;    105.8220;    2831.0;
689;21;   1637.4600;    167.1780;    3657.0;
690;21;   1627.2900;    125.9500;      89.0;
691;21;   1317.1800;    154.4470;     125.0;
692;21;   1732.6100;    134.8220;    1345.0;
693;21;   1391.1500;    158.9500;   18277.0;
694;22;   1289.1900;    124.9500;     918.0;
695;22;   1258.9700;    137.3860;     248.0;
696;22;   1651.3400;    137.3860;     100.0;
697;22;   1791.9400;    150.9500;     750.0;
698;22;   1504.8300;    148.3860;    1064.0;
699;22;   1730.6200;    142.3860;     130.0;
700;22;         NaN;         NaN;  228114.0;
701;22;   1317.7800;    132.3860;    1464.0;
702;22;   1530.4500;    123.8220;    1102.0;
703;22;   1605.9800;    166.5150;     124.0;
704;22;         NaN;         NaN;  216370.0;
705;22;   1539.9300;    118.9500;     284.0;
706;22;   1489.6500;    127.9500;   39472.0;
707;22;   1703.1300;    146.9500;     264.0;
708;22;   1542.2900;    179.9500;     124.0;
709;22;   1420.0800;    114.0120;     508.0;
710;22;   1427.1000;    140.0120;   60552.0;
711;22;   1452.3600;    116.3860;     334.0;
712;22;         NaN;         NaN;  203694.0;
713;22;   1346.9900;    125.3860;    1050.0;
714;22;   1210.3000;    119.9500;   23826.0;
715;22;   1514.2500;    139.3860;     600.0;
716;22;   1184.1800;    106.2570;     900.0;
717;22;         NaN;         NaN;  268236.0;
718;22;         NaN;         NaN;  246660.0;
719;22;   1633.4300;    130.8220;    5854.0;
720;22;   1406.9500;    153.3860;    1020.0;
721;22;   1277.2600;    141.9500;     720.0;
722;22;   1369.1600;    145.9500;   48140.0;
723;22;   1410.7700;    162.5150;     360.0;
724;22;   1462.0700;    141.3860;     806.0;
725;22;   1652.3500;    147.5760;  138638.0;
726;22;   1234.2900;    116.8220;     156.0;
727;23;         NaN;         NaN;  180737.0;
728;23;   1649.0300;    137.9500;     125.0;
729;23;   1452.7300;    116.3860;    3493.0;
730;23;   1655.5800;    116.2570;     341.0;
731;23;   1421.2100;    109.2570;    9081.0;
732;23;   1365.0900;    119.0120;    5691.0;
733;23;   1619.1900;    133.9500;    5367.0;
734;23;   1471.7400;    158.9500;     211.0;
735;23;         NaN;         NaN;  209653.0;
736;23;         NaN;         NaN;  182285.0;
737;23;   1496.0700;    133.3860;     817.0;
738;23;   1397.1500;    133.9500;    3363.0;
739;23;   1564.8000;    149.0120;    2209.0;
740;23;   1646.5600;    127.3860;   88205.0;
741;23;         NaN;         NaN;  167789.0;
742;23;   1528.6500;    132.3860;   75323.0;
743;23;   1619.2600;    130.9500;    6247.0;
744;23;         NaN;         NaN;  218403.0;
745;23;   1508.7900;    133.9500;  172729.0;
746;23;   1596.7800;    121.3860;     423.0;
747;23;   1352.6600;    117.4470;   47509.0;
748;23;   1705.2600;    136.3860;    8401.0;
749;23;   1528.2900;    112.3860;   10695.0;
750;23;   1724.8700;    167.9500;    4807.0;
751;23;   1467.8500;    141.9500;    8107.0;
752;23;   1449.2200;    131.8220;     195.0;
753;23;   1748.1300;    153.3860;   29459.0;
754;23;   1463.4500;    131.9500;     885.0;
755;23;   1731.6000;    158.9500;     245.0;
756;23;   1407.2900;    119.6930;     161.0;
757;23;   1676.3800;    118.2850;    1117.0;
758;23;   1609.1000;    115.2570;   13705.0;
759;23;   1423.4000;    133.3860;    1045.0;
760;24;         NaN;         NaN;  205402.0;
761;24;   1554.4700;    137.0120;     152.0;
762;24;   1642.7900;    145.9500;    1000.0;
763;24;         NaN;         NaN;  188532.0;
764;24;   1580.1400;    154.3860;   39970.0;
765;24;   1570.3700;    148.3860;    2572.0;
766;24;   1426.5900;    111.3860;    6044.0;
767;24;   1759.3700;    142.5390;    2242.0;
768;24;   1812.1800;    118.2570;   40170.0;
769;24;   1831.7400;    141.9500;    8316.0;
770;24;         NaN;         NaN;  215454.0;
771;24;   1592.3300;    104.3860;     246.0;
772;24;   1774.1500;    141.3860;   39128.0;
773;24;   1501.1600;    129.3860;     130.0;
774;24;   1563.9400;    157.9500;     486.0;
775;24;   1326.5000;    135.3860;    2834.0;
776;24;   1626.0300;    129.9500;    2944.0;
777;24;   1545.1800;    111.2570;     304.0;
778;24;         NaN;         NaN;  173694.0;
779;24;   1895.4900;    136.9500;    5706.0;
780;24;   1369.7900;    137.3860;     130.0;
781;24;   1388.7700;    139.6930;     318.0;
782;24;   1472.7100;    114.3860;     114.0;
783;24;         NaN;         NaN;  192012.0;
784;24;         NaN;         NaN;  179760.0;
785;24;   1481.7500;    125.3860;     372.0;
786;24;         NaN;         NaN;  154676.0;
787;24;   1400.4200;    118.9500;    1850.0;
788;24;   1658.8700;    104.2570;   96914.0;
789;24;   1569.6400;    173.9500;   15244.0;
790;24;   1680.1800;    114.0300;   11766.0;
791;24;   1411.2200;    101.3860;  159312.0;
792;24;   1703.8100;    160.3860;     432.0;
793;25;   1723.6700;    129.3860;    4195.0;
794;25;   1568.0200;    120.5760;  142677.0;
795;25;   1593.0600;    126.2570;    6807.0;
796;25;   1566.1800;    145.9500;    7515.0;
797;25;   1961.5700;    130.5390;   71875.0;
798;25;         NaN;         NaN;  196585.0;
799;25;   1621.0500;    191.9500;    3243.0;
800;25;   1648.0000;    119.9500;     267.0;
801;25;         NaN;         NaN;  145857.0;
802;25;   1786.7500;    133.3860;   25847.0;
803;25;   1557.3000;     93.8217;    6757.0;
804;25;   1586.0700;    158.9500;    7311.0;
805;25;         NaN;         NaN;  194029.0;
806;25;   1590.3400;    130.5760;    5303.0;
807;25;   1940.4200;    158.9500;    1669.0;
808;25;         NaN;         NaN;  154939.0;
809;25;   1831.9800;    151.3860;  141455.0;
810;25;   1727.6300;    142.8220;   48183.0;
811;25;   1412.5900;    125.9500;    1051.0;
812;25;   1536.9900;    115.3860;    1137.0;
813;25;   1829.4400;    167.9500;   28209.0;
814;25;   1521.0300;    127.2570;   56651.0;
815;25;   1859.3800;    146.9500;     961.0;
816;25;   1405.7600;    109.9500;    9837.0;
817;25;   1537.7000;    157.9500;     269.0;
818;25;   1852.5000;    135.9500;   16009.0;
819;25;   1723.6300;    179.9500;   55047.0;
820;25;   1589.2100;    125.3860;     435.0;
821;25;   1922.8500;    167.9500;    4779.0;
822;25;   1683.1300;    127.3860;      39.0;
823;25;         NaN;         NaN;  177703.0;
824;25;         NaN;         NaN;  171217.0;
825;25;         NaN;         NaN;  165907.0;
826;26;   1670.8800;    150.9500;    1098.0;
827;26;   2092.8100;    143.8220;    5490.0;
828;26;         NaN;         NaN;  160236.0;
829;26;         NaN;         NaN;  140636.0;
830;26;         NaN;         NaN;  158412.0;
831;26;   1671.2900;    141.3860;   21592.0;
832;26;   1858.7800;    146.9500;    5338.0;
833;26;   2005.9400;    142.5390;   23546.0;
834;26;   1752.4800;    135.1080;   32276.0;
835;26;   1943.3800;    139.3860;    7172.0;
836;26;   1907.1700;    152.3860;    7322.0;
837;26;   1842.4300;    142.9500;     208.0;
838;26;         NaN;         NaN;  174616.0;
839;26;   1546.5300;    114.3860;    1054.0;
840;26;   1934.9700;    147.3860;    1232.0;
841;26;         NaN;         NaN;  138282.0;
842;26;         NaN;         NaN;  155188.0;
843;26;   1828.4400;    148.3860;     232.0;
844;26;         NaN;         NaN;  123438.0;
845;26;   1840.8400;    109.8220;    1332.0;
846;26;   1795.2100;    130.9500;    7860.0;
847;26;   1906.9800;    136.3860;     914.0;
848;26;         NaN;         NaN;  183548.0;
849;26;   1613.9500;    111.3860;     384.0;
850;26;   1496.1500;    148.3860;     980.0;
851;26;   1730.4400;    136.5430;   45136.0;
852;26;   1596.2800;    103.2570;    3696.0;
853;26;   1759.5500;    133.9730;     560.0;
854;26;         NaN;         NaN;  207440.0;
855;26;         NaN;         NaN;  199030.0;
856;26;         NaN;         NaN;  247676.0;
857;26;   1622.9500;    131.6930;    3832.0;
858;26;   1788.8000;    149.3860;    1554.0;
859;27;   1886.9300;    140.5780;   77051.0;
860;27;   1676.2900;    104.2570;    4043.0;
861;27;         NaN;         NaN;  152113.0;
862;27;         NaN;         NaN;  193657.0;
863;27;   1809.8300;    123.8220;  129367.0;
864;27;   1768.6800;    128.5120;   92545.0;
865;27;   1630.7400;    149.3860;    2683.0;
866;27;   1803.7500;    154.8220;  121205.0;
867;27;   1791.6700;    136.3860;   14949.0;
868;27;   1822.3500;    133.9500;    2991.0;
869;27;   1808.8800;    155.9500;    6413.0;
870;27;         NaN;         NaN;  173059.0;
871;27;   1913.9300;    130.9500;    1741.0;
872;27;         NaN;         NaN;  181235.0;
873;27;   2039.5100;    153.5150;   85273.0;
874;27;         NaN;         NaN;  180783.0;
875;27;         NaN;         NaN;  148273.0;
876;27;         NaN;         NaN;  250471.0;
877;27;   1759.5500;    111.8220;    2551.0;
878;27;   2290.2200;    183.9500;    3207.0;
879;27;   1589.7000;    124.3860;   71973.0;
880;27;         NaN;         NaN;  131641.0;
881;27;   1810.4600;    174.5150;   15741.0;
882;27;   1589.2500;    131.8220;    1127.0;
883;27;   2006.1300;    131.0120;  124019.0;
884;27;   1687.0200;    148.9500;    2051.0;
885;27;   1647.5000;    140.3860;     647.0;
886;27;   1745.3100;    149.5700;   24991.0;
887;27;   1877.0200;    158.9500;   78635.0;
888;27;         NaN;         NaN;  148633.0;
889;27;   2172.1300;    153.3860;   15547.0;
890;27;   2050.2700;    137.5760;   21477.0;
891;27;         NaN;         NaN;  182239.0;
892;28;   2061.8500;    139.3860;    8852.0;
893;28;   2018.9000;    160.9500;   19796.0;
894;28;         NaN;         NaN;  188010.0;
895;28;   1910.1100;    134.9500;   28972.0;
896;28;   1788.7200;    109.3860;    3620.0;
897;28;   2160.7200;    148.3860;   39652.0;
898;28;         NaN;         NaN;  165576.0;
899;28;         NaN;         NaN;  180988.0;
900;28;   1865.0300;    142.3860;   10868.0;
901;28;   1982.7100;    139.3860;     650.0;
902;28;   1784.3200;    118.3860;   36864.0;
903;28;   1761.5700;    178.5150;    1580.0;
904;28;   2001.3900;    159.9500;     204.0;
905;28;   2088.4800;    136.0120;   17948.0;
906;28;   1873.6300;    125.5670;   99212.0;
907;28;   1786.2300;    130.0120;    6070.0;
908;28;         NaN;         NaN;  230372.0;
909;28;         NaN;         NaN;  159592.0;
910;28;   1959.8800;    123.3860;   24548.0;
911;28;   1873.3700;    131.3860;   13778.0;
912;28;         NaN;         NaN;  149194.0;
913;28;   1729.0300;    130.9500;   44014.0;
914;28;   1857.2100;    171.9500;   57736.0;
915;28;         NaN;         NaN;  200076.0;
916;28;         NaN;         NaN;  181712.0;
917;28;   1643.7100;    122.9750;     740.0;
918;28;         NaN;         NaN;  178010.0;
919;28;   1888.1000;    123.8220;     902.0;
920;28;         NaN;         NaN;  200338.0;
921;28;         NaN;         NaN;  162016.0;
922;28;   2055.6000;    153.3860;   78658.0;
923;28;         NaN;         NaN;  151406.0;
924;28;         NaN;         NaN;  153388.0;
925;29;   1851.6600;    130.9500;  147103.0;
926;29;         NaN;         NaN;  114169.0;
927;29;   1784.8400;    103.2570;   80763.0;
928;29;         NaN;         NaN;  157021.0;
929;29;         NaN;         NaN;  164259.0;
930;29;         NaN;         NaN;  186409.0;
931;29;         NaN;         NaN;  235431.0;
932;29;         NaN;         NaN;  156789.0;
933;29;   1911.9300;    118.9500;  131951.0;
934;29;   1673.8300;    167.9500;    8467.0;
935;29;   2013.0700;    149.3860;   67929.0;
936;29;         NaN;         NaN;  223687.0;
937;29;         NaN;         NaN;  114965.0;
938;29;   1924.2200;    157.5390;     965.0;
939;29;   2013.5700;    125.9500;   62357.0;
940;29;   1970.9500;    120.8220;   63889.0;
941;29;         NaN;         NaN;  179663.0;
942;29;   2313.0700;    125.3860;     807.0;
943;29;   2003.5800;    186.5150;      45.0;
944;29;   1863.6000;    121.9500;   73387.0;
945;29;         NaN;         NaN;  184213.0;
946;29;         NaN;         NaN;  155939.0;
947;29;   1861.7700;    146.9500;    2933.0;
948;29;   2052.3000;    191.9500;    1443.0;
949;29;   1787.8000;    115.2570;   53085.0;
950;29;         NaN;         NaN;  163857.0;
951;29;         NaN;         NaN;  148051.0;
952;29;   1729.7000;    142.0120;   31319.0;
953;29;   1991.3000;    167.9500;   22933.0;
954;29;   2048.7600;    129.3860;    9023.0;
955;29;   1821.4400;    143.9500;     739.0;
956;29;         NaN;         NaN;  173925.0;
957;29;   2062.8600;    133.9500;  107697.0;
958;30;         NaN;         NaN;  166778.0;
959;30;   1897.1800;    126.6530;   21960.0;
960;30;         NaN;         NaN;  204294.0;
961;30;   1838.0900;    135.9500;   44852.0;
962;30;         NaN;         NaN;  186126.0;
963;30;         NaN;         NaN;  214326.0;
964;30;   1881.5000;    132.0320;   37032.0;
965;30;         NaN;         NaN;  177152.0;
966;30;         NaN;         NaN;  168908.0;
967;30;   1990.9000;    166.5150;    2908.0;
968;30;   2145.9700;    137.3860;    5818.0;
969;30;   2194.2700;    128.3860;     132.0;
970;30;   1838.4400;    166.9500;   10612.0;
971;30;   2070.9000;    151.3860;    5952.0;
972;30;         NaN;         NaN;  128712.0;
973;30;         NaN;         NaN;  152314.0;
974;30;   2050.1300;    149.0120;     134.0;
975;30;         NaN;         NaN;  225424.0;
976;30;         NaN;         NaN;  128210.0;
977;30;   2060.2300;    158.1400;    2508.0;
978;30;   1929.8300;    130.9500;   16292.0;
979;30;   2266.2600;    170.9500;   28000.0;
980;30;   2084.3600;    131.8220;   14084.0;
981;30;   1946.4200;    121.3860;  228078.0;
982;30;   2102.4200;    118.2570;   14392.0;
983;30;   1965.0300;    186.5150;    7802.0;
984;30;         NaN;         NaN;  195210.0;
985;30;   2178.9600;    142.3860;   26430.0;
986;30;   2095.3100;    141.3860;   65452.0;
987;30;         NaN;         NaN;  212478.0;
988;30;         NaN;         NaN;  148788.0;
989;30;   1856.0600;    159.1080;  101750.0;
990;30;   2012.8300;    137.3860;     176.0;
991;31;   2114.4900;    142.5760;   33885.0;
992;31;         NaN;         NaN;  192829.0;
993;31;         NaN;         NaN;  180229.0;
994;31;         NaN;         NaN;  189137.0;
995;31;         NaN;         NaN;  185849.0;
996;31;   2475.3400;    127.4650;   52387.0;
997;31;   1751.2400;    141.3860;   32751.0;
998;31;         NaN;         NaN;  197551.0;
999;31;         NaN;         NaN;  222017.0;
1000;31;   2011.6300;    150.0120;  113803.0;
1001;31;   2073.5000;    146.9500;   23123.0;
1002;31;         NaN;         NaN;  179441.0;
1003;31;         NaN;         NaN;  220837.0;
1004;31;   1815.4200;    115.8850;    3347.0;
1005;31;         NaN;         NaN;  184639.0;
1006;31;         NaN;         NaN;  186825.0;
1007;31;         NaN;         NaN;  173573.0;
1008;31;         NaN;         NaN;  212483.0;
1009;31;         NaN;         NaN;  163039.0;
1010;31;   1896.3400;    141.9500;   68205.0;
1011;31;         NaN;         NaN;  198295.0;
1012;31;         NaN;         NaN;  207481.0;
1013;31;         NaN;         NaN;  146009.0;
1014;31;         NaN;         NaN;  195801.0;
1015;31;   2217.5400;    141.3860;  151921.0;
1016;31;         NaN;         NaN;  152535.0;
1017;31;   2024.5500;    130.9500;   48253.0;
1018;31;         NaN;         NaN;  196541.0;
1019;31;         NaN;         NaN;  180073.0;
1020;31;         NaN;         NaN;  129601.0;
1021;31;   2352.0000;    132.9500;   45763.0;
1022;31;         NaN;         NaN;  163793.0;
1023;31;   2442.5000;    158.9500;    4433.0;
1024;32;   2098.5600;    135.1080;   49680.0;
1025;32;         NaN;         NaN;  213692.0;
1026;32;   2136.0500;    107.0120;  107172.0;
1027;32;         NaN;         NaN;  154786.0;
1028;32;         NaN;         NaN;  165900.0;
1029;32;   2259.4000;    154.9500;   20922.0;
1030;32;         NaN;         NaN;  171754.0;
1031;32;         NaN;         NaN;  186384.0;
1032;32;         NaN;         NaN;  182404.0;
1033;32;   2124.4400;    134.9500;     538.0;
1034;32;         NaN;         NaN;  186676.0;
1035;32;         NaN;         NaN;  163646.0;
1036;32;         NaN;         NaN;  222160.0;
1037;32;   2365.1600;    127.9500;   11786.0;
1038;32;         NaN;         NaN;  202574.0;
1039;32;   2152.6800;    133.8220;     262.0;
1040;32;         NaN;         NaN;  191130.0;
1041;32;   2186.3600;    133.3860;    5084.0;
1042;32;         NaN;         NaN;  148598.0;
1043;32;   2015.3600;    149.9750;  104180.0;
1044;32;         NaN;         NaN;  148014.0;
1045;32;         NaN;         NaN;  179844.0;
1046;32;         NaN;         NaN;  203672.0;
1047;32;   2213.7700;    147.9500;   28324.0;
1048;32;         NaN;         NaN;  176902.0;
1049;32;         NaN;         NaN;  199898.0;
1050;32;   2238.5300;    153.9500;   71470.0;
1051;32;         NaN;         NaN;  171684.0;
1052;32;         NaN;         NaN;  175638.0;
1053;32;   2034.2400;    126.1160;   64868.0;
1054;32;         NaN;         NaN;  203078.0;
1055;32;         NaN;         NaN;  153384.0;
1056;32;         NaN;         NaN;  159194.0;
1057;33;   2326.3800;    153.5440;   39779.0;
1058;33;         NaN;         NaN;  157681.0;
1059;33;   2050.7900;    115.2570;   20829.0;
1060;33;   2096.2900;    125.3860;    7039.0;
1061;33;         NaN;         NaN;  172959.0;
1062;33;         NaN;         NaN;  162395.0;
1063;33;         NaN;         NaN;  148295.0;
1064;33;         NaN;         NaN;  178279.0;
1065;33;   2230.2900;    140.3860;   32233.0;
1066;33;         NaN;         NaN;  240631.0;
1067;33;         NaN;         NaN;  202817.0;
1068;33;   2242.8700;    137.3860;  134469.0;
1069;33;         NaN;         NaN;  182477.0;
1070;33;         NaN;         NaN;  197029.0;
1071;33;         NaN;         NaN;  216289.0;
1072;33;   2262.9400;    143.3860;    5139.0;
1073;33;         NaN;         NaN;  194441.0;
1074;33;         NaN;         NaN;  215977.0;
1075;33;   1867.7400;    178.5150;   64277.0;
1076;33;   2339.4400;    128.0120;   20923.0;
1077;33;         NaN;         NaN;  154875.0;
1078;33;         NaN;         NaN;  172077.0;
1079;33;   2209.5600;    136.0120;   16129.0;
1080;33;   2425.9200;    142.8220;   54291.0;
1081;33;         NaN;         NaN;  173781.0;
1082;33;         NaN;         NaN;  196895.0;
1083;33;         NaN;         NaN;  159189.0;
1084;33;   2389.6100;    127.3860;  127715.0;
1085;33;         NaN;         NaN;  151161.0;
1086;33;         NaN;         NaN;  197719.0;
1087;33;         NaN;         NaN;  180067.0;
1088;33;         NaN;         NaN;  157069.0;
1089;33;         NaN;         NaN;  173681.0;
1090;34;         NaN;         NaN;  190760.0;
1091;34;         NaN;         NaN;  187274.0;
1092;34;         NaN;         NaN;  143272.0;
1093;34;         NaN;         NaN;  172334.0;
1094;34;   2059.0600;    129.8220;   19840.0;
1095;34;         NaN;         NaN;  150878.0;
1096;34;   2233.8900;    160.9500;   29338.0;
1097;34;         NaN;         NaN;  209622.0;
1098;34;         NaN;         NaN;  157170.0;
1099;34;         NaN;         NaN;  150534.0;
1100;34;         NaN;         NaN;  181862.0;
1101;34;         NaN;         NaN;  157434.0;
1102;34;         NaN;         NaN;  203384.0;
1103;34;         NaN;         NaN;  165000.0;
1104;34;         NaN;         NaN;  205154.0;
1105;34;         NaN;         NaN;  208384.0;
1106;34;         NaN;         NaN;  151686.0;
1107;34;         NaN;         NaN;  187554.0;
1108;34;   2307.1900;    131.9500;   50430.0;
1109;34;   2249.6100;    132.5370;   35318.0;
1110;34;         NaN;         NaN;  162908.0;
1111;34;         NaN;         NaN;  161108.0;
1112;34;         NaN;         NaN;  169528.0;
1113;34;         NaN;         NaN;  155410.0;
1114;34;         NaN;         NaN;  177120.0;
1115;34;         NaN;         NaN;  146920.0;
1116;34;   2190.5600;    179.9500;   54764.0;
1117;34;         NaN;         NaN;  152412.0;
1118;34;         NaN;         NaN;  175582.0;
1119;34;         NaN;         NaN;  174282.0;
1120;34;   2312.2400;    111.0120;  170912.0;
1121;34;         NaN;         NaN;  151242.0;
1122;34;         NaN;         NaN;  169592.0;
1123;35;         NaN;         NaN;  149569.0;
1124;35;         NaN;         NaN;  170981.0;
1125;35;   2220.4200;    141.9500;   19579.0;
1126;35;   2464.9100;    162.5150;   41167.0;
1127;35;         NaN;         NaN;  184455.0;
1128;35;         NaN;         NaN;  136201.0;
1129;35;   2233.2900;    136.9500;   15175.0;
1130;35;   2313.2700;    137.0120;  113185.0;
1131;35;         NaN;         NaN;  138859.0;
1132;35;         NaN;         NaN;  170585.0;
1133;35;         NaN;         NaN;  151271.0;
1134;35;         NaN;         NaN;  162641.0;
1135;35;         NaN;         NaN;  173315.0;
1136;35;   2522.7800;    123.9500;    5629.0;
1137;35;   2520.5100;    142.3860;    5951.0;
1138;35;         NaN;         NaN;  220815.0;
1139;35;         NaN;         NaN;  170631.0;
1140;35;   2410.0000;    147.9500;     517.0;
1141;35;         NaN;         NaN;  180621.0;
1142;35;         NaN;         NaN;  226209.0;
1143;35;         NaN;         NaN;  154925.0;
1144;35;   2357.9700;    155.5150;   58553.0;
1145;35;         NaN;         NaN;  174729.0;
1146;35;         NaN;         NaN;  147607.0;
1147;35;         NaN;         NaN;  144861.0;
1148;35;         NaN;         NaN;  169233.0;
1149;35;         NaN;         NaN;  201777.0;
1150;35;         NaN;         NaN;  222753.0;
1151;35;         NaN;         NaN;  179107.0;
1152;35;         NaN;         NaN;  172949.0;
1153;35;         NaN;         NaN;  205415.0;
1154;35;         NaN;         NaN;  158955.0;
1155;35;   2366.8800;    157.9500;   68935.0;
1156;36;         NaN;         NaN;  167952.0;
1157;36;   2467.7000;    132.5760;   41684.0;
1158;36;         NaN;         NaN;  165174.0;
1159;36;         NaN;         NaN;  162662.0;
1160;36;         NaN;         NaN;  202824.0;
1161;36;         NaN;         NaN;  174590.0;
1162;36;         NaN;         NaN;  206912.0;
1163;36;         NaN;         NaN;  140456.0;
1164;36;         NaN;         NaN;  179456.0;
1165;36;         NaN;         NaN;  164286.0;
1166;36;         NaN;         NaN;  140422.0;
1167;36;         NaN;         NaN;  149172.0;
1168;36;         NaN;         NaN;  166722.0;
1169;36;   2488.6600;    132.3860;  100288.0;
1170;36;   2719.8400;    162.5150;   11706.0;
1171;36;         NaN;         NaN;  147046.0;
1172;36;         NaN;         NaN;  195440.0;
1173;36;         NaN;         NaN;  160324.0;
1174;36;         NaN;         NaN;  167572.0;
1175;36;         NaN;         NaN;  146268.0;
1176;36;         NaN;         NaN;  151312.0;
1177;36;         NaN;         NaN;  161288.0;
1178;36;         NaN;         NaN;  147350.0;
1179;36;         NaN;         NaN;  167422.0;
1180;36;         NaN;         NaN;  155918.0;
1181;36;         NaN;         NaN;  153872.0;
1182;36;         NaN;         NaN;  147626.0;
1183;36;         NaN;         NaN;  182076.0;
1184;36;         NaN;         NaN;  192204.0;
1185;36;   2245.2200;    116.5370;   86730.0;
1186;36;         NaN;         NaN;  201020.0;
1187;36;         NaN;         NaN;  131516.0;
1188;36;   2654.2500;    135.3860;    9404.0;
1189;37;         NaN;         NaN;  176419.0;
1190;37;         NaN;         NaN;  149459.0;
1191;37;   2440.3400;    141.9500;   11707.0;
1192;37;         NaN;         NaN;  168875.0;
1193;37;         NaN;         NaN;  168787.0;
1194;37;         NaN;         NaN;  183843.0;
1195;37;         NaN;         NaN;  165025.0;
1196;37;         NaN;         NaN;  132425.0;
1197;37;         NaN;         NaN;  148141.0;
1198;37;         NaN;         NaN;  197627.0;
1199;37;   2647.9300;    174.5150;  102417.0;
1200;37;         NaN;         NaN;  186715.0;
1201;37;         NaN;         NaN;  183877.0;
1202;37;         NaN;         NaN;  196405.0;
1203;37;         NaN;         NaN;  189875.0;
1204;37;         NaN;         NaN;  177181.0;
1205;37;         NaN;         NaN;  171611.0;
1206;37;         NaN;         NaN;  188949.0;
1207;37;         NaN;         NaN;  151847.0;
1208;37;   2397.0600;    125.9500;   26237.0;
1209;37;         NaN;         NaN;  180589.0;
1210;37;         NaN;         NaN;  149567.0;
1211;37;         NaN;         NaN;  166239.0;
1212;37;         NaN;         NaN;  176425.0;
1213;37;         NaN;         NaN;  160005.0;
1214;37;         NaN;         NaN;  149205.0;
1215;37;         NaN;         NaN;  144757.0;
1216;37;   2802.1700;    137.3860;   67693.0;
1217;37;         NaN;         NaN;  139007.0;
1218;37;         NaN;         NaN;  191915.0;
1219;37;         NaN;         NaN;  158375.0;
1220;37;         NaN;         NaN;  199603.0;
1221;37;         NaN;         NaN;  209007.0;
1222;38;         NaN;         NaN;  161918.0;
1223;38;         NaN;         NaN;  179066.0;
1224;38;         NaN;         NaN;  194824.0;
1225;38;         NaN;         NaN;  156478.0;
1226;38;         NaN;         NaN;  179602.0;
1227;38;         NaN;         NaN;  175726.0;
1228;38;         NaN;         NaN;  185782.0;
1229;38;         NaN;         NaN;  151954.0;
1230;38;         NaN;         NaN;  169388.0;
1231;38;         NaN;         NaN;  169018.0;
1232;38;         NaN;         NaN;  153332.0;
1233;38;         NaN;         NaN;  143686.0;
1234;38;         NaN;         NaN;  162276.0;
1235;38;         NaN;         NaN;  178504.0;
1236;38;         NaN;         NaN;  176272.0;
1237;38;         NaN;         NaN;  159698.0;
1238;38;         NaN;         NaN;  170116.0;
1239;38;         NaN;         NaN;  194156.0;
1240;38;         NaN;         NaN;  145488.0;
1241;38;         NaN;         NaN;  148828.0;
1242;38;         NaN;         NaN;  183546.0;
1243;38;         NaN;         NaN;  138580.0;
1244;38;         NaN;         NaN;  163222.0;
1245;38;         NaN;         NaN;  186864.0;
1246;38;         NaN;         NaN;  178584.0;
1247;38;         NaN;         NaN;  162396.0;
1248;38;         NaN;         NaN;  181916.0;
1249;38;         NaN;         NaN;  173466.0;
1250;38;         NaN;         NaN;  169196.0;
1251;38;         NaN;         NaN;  159862.0;
1252;38;         NaN;         NaN;  178080.0;
1253;38;         NaN;         NaN;  169756.0;
1254;38;         NaN;         NaN;  171646.0;
1255;39;         NaN;         NaN;  170159.0;
1256;39;         NaN;         NaN;  143925.0;
1257;39;         NaN;         NaN;  158387.0;
1258;39;         NaN;         NaN;  181611.0;
1259;39;         NaN;         NaN;  177747.0;
1260;39;         NaN;         NaN;  158705.0;
1261;39;         NaN;         NaN;  174377.0;
1262;39;         NaN;         NaN;  163737.0;
1263;39;         NaN;         NaN;  162181.0;
1264;39;         NaN;         NaN;  173599.0;
1265;39;         NaN;         NaN;  160901.0;
1266;39;         NaN;         NaN;  143561.0;
1267;39;         NaN;         NaN;  170161.0;
1268;39;         NaN;         NaN;  157739.0;
1269;39;         NaN;         NaN;  133805.0;
1270;39;         NaN;         NaN;  152519.0;
1271;39;         NaN;         NaN;  176343.0;
1272;39;         NaN;         NaN;  163993.0;
1273;39;         NaN;         NaN;  140241.0;
1274;39;         NaN;         NaN;  166935.0;
1275;39;         NaN;         NaN;  161335.0;
1276;39;         NaN;         NaN;  223427.0;
1277;39;         NaN;         NaN;  174391.0;
1278;39;         NaN;         NaN;  171079.0;
1279;39;         NaN;         NaN;  195695.0;
1280;39;         NaN;         NaN;  162457.0;
1281;39;   2323.8100;    129.3860;   27249.0;
1282;39;         NaN;         NaN;  136633.0;
1283;39;         NaN;         NaN;  163583.0;
1284;39;         NaN;         NaN;  166913.0;
1285;39;         NaN;         NaN;  174165.0;
1286;39;         NaN;         NaN;  205247.0;
1287;39;         NaN;         NaN;  154737.0;
1288;40;         NaN;         NaN;  189210.0;
1289;40;         NaN;         NaN;  147244.0;
1290;40;         NaN;         NaN;  156246.0;
1291;40;         NaN;         NaN;  226922.0;
1292;40;         NaN;         NaN;  169948.0;
1293;40;         NaN;         NaN;  162506.0;
1294;40;         NaN;         NaN;  158528.0;
1295;40;         NaN;         NaN;  129920.0;
1296;40;         NaN;         NaN;  150380.0;
1297;40;         NaN;         NaN;  178340.0;
1298;40;         NaN;         NaN;  137088.0;
1299;40;         NaN;         NaN;  148374.0;
1300;40;         NaN;         NaN;  134950.0;
1301;40;         NaN;         NaN;   94666.0;
1302;40;         NaN;         NaN;  114122.0;
1303;40;         NaN;         NaN;   89590.0;
1304;40;         NaN;         NaN;   44900.0;
1305;40;         NaN;         NaN;   70954.0;
1306;40;         NaN;         NaN;   62364.0;
1307;40;         NaN;         NaN;  129366.0;
1308;40;         NaN;         NaN;  110528.0;
1309;40;         NaN;         NaN;  101116.0;
1310;40;         NaN;         NaN;  103146.0;
1311;40;         NaN;         NaN;  181612.0;
1312;40;         NaN;         NaN;  177206.0;
1313;40;         NaN;         NaN;  167948.0;
1314;40;         NaN;         NaN;  143560.0;
1315;40;   2767.3600;    141.9500;   57954.0;
1316;40;         NaN;         NaN;  164426.0;
1317;40;         NaN;         NaN;  197306.0;
1318;40;         NaN;         NaN;  153346.0;
1319;40;         NaN;         NaN;  177698.0;
1320;40;         NaN;         NaN;  143280.0;
