1;1;     65.2574;     65.2574;       2.0;
2;1;    118.3861;    118.3861;       2.0;
3;1;     72.6930;     72.6930;       2.0;
4;1;     73.1287;     73.1287;       2.0;
5;1;     17.1287;     17.1287;       2.0;
6;1;     26.1287;     26.1287;       2.0;
7;1;     30.2574;     30.2574;       2.0;
8;1;     76.6930;     76.6930;       2.0;
9;1;     72.2574;     72.2574;       2.0;
10;1;     94.2574;     94.2574;       2.0;
11;1;     63.8217;     63.8217;       2.0;
12;1;     63.8217;     63.8217;       2.0;
13;1;     66.8217;     66.8217;       2.0;
14;1;     93.3861;     93.3861;       2.0;
15;1;     94.3861;     94.3861;       2.0;
16;1;     75.6930;     75.6930;       2.0;
17;1;     70.1287;     70.1287;       2.0;
18;1;      2.0000;      2.0000;       2.0;
19;1;     14.6930;     14.6930;       2.0;
20;1;     96.8217;     96.8217;       2.0;
21;1;     46.1287;     46.1287;       2.0;
22;1;     98.6930;     98.6930;       2.0;
23;1;     55.1287;     55.1287;       2.0;
24;1;     57.2574;     57.2574;       2.0;
25;1;     67.8217;     67.8217;       2.0;
26;1;     74.6930;     74.6930;       2.0;
27;1;     13.5643;     13.5643;       2.0;
28;1;     96.8217;     96.8217;       2.0;
29;1;     25.6930;     25.6930;       2.0;
30;1;     73.6930;     73.6930;       2.0;
31;1;     32.1287;     32.1287;       2.0;
32;1;     36.6930;     36.6930;       2.0;
33;1;     78.1287;     78.1287;       2.0;
34;2;    151.0791;     87.3861;       4.0;
35;2;    160.5148;    116.3861;       4.0;
36;2;    138.3861;     88.6930;       4.0;
37;2;     47.6930;     38.1287;       4.0;
38;2;    135.9504;     84.2574;       4.0;
39;2;     65.3861;     39.1287;       4.0;
40;2;    161.0791;     89.3861;       4.0;
41;2;    144.0791;     80.3861;       4.0;
42;2;     68.1287;     66.1287;       4.0;
43;2;    113.5148;     57.8217;       4.0;
44;2;    154.6435;    109.9504;       4.0;
45;2;    150.0791;    113.3861;       4.0;
46;2;    102.9504;     58.8217;       4.0;
47;2;    111.0791;     59.2574;       4.0;
48;2;     92.8217;     54.6930;       4.0;
49;2;    158.0791;    104.3861;       4.0;
50;2;     91.8217;     74.6930;       4.0;
51;2;     72.6930;     47.1287;       4.0;
52;2;     88.8217;     52.1287;       4.0;
53;2;    281.3365;    145.9504;       4.0;
54;2;    128.5148;     78.8217;       4.0;
55;2;    143.9504;     73.2574;       4.0;
56;2;    206.2078;    103.8217;       4.0;
57;2;     90.2574;     58.1287;       4.0;
58;2;    177.0791;    104.2574;       4.0;
59;2;    179.0791;    109.3861;       4.0;
60;2;    135.5148;    106.3861;       4.0;
61;2;    150.6435;     98.3861;       4.0;
62;2;    164.5148;     92.3861;       4.0;
63;2;    120.0791;     77.8217;       4.0;
64;2;    167.0791;    124.9504;       4.0;
65;2;    123.9504;     62.6930;       4.0;
66;2;    203.0791;    116.8217;       4.0;
67;3;    170.6435;     74.8217;       6.0;
68;3;    145.0791;     65.2574;       6.0;
69;3;    179.2078;     81.2574;       6.0;
70;3;    198.2078;     99.8217;       6.0;
71;3;    183.9377;     81.6930;       6.0;
72;3;    112.2078;     75.8217;       6.0;
73;3;    271.2078;    101.2574;       6.0;
74;3;    183.2078;    108.3861;       6.0;
75;3;    176.7721;     84.3861;       6.0;
76;3;    254.3365;     95.2574;       6.0;
77;3;    229.1951;     98.2574;       6.0;
78;3;    296.9008;    123.8217;       6.0;
79;3;    148.6435;     67.2574;       6.0;
80;3;     87.9504;     42.2574;       6.0;
81;3;    243.9008;    107.2574;       6.0;
82;3;    191.6435;     69.1287;       6.0;
83;3;    249.9008;     93.2574;       6.0;
84;3;    226.9008;     93.3861;       6.0;
85;3;    193.2078;     96.8217;       6.0;
86;3;    284.4652;    137.3861;       6.0;
87;3;    228.7722;    117.3861;       6.0;
88;3;    220.7722;     98.3861;       6.0;
89;3;    250.3365;    158.9504;       6.0;
90;3;    161.6435;     57.8217;       6.0;
91;3;    136.5148;     70.6930;       6.0;
92;3;    216.6434;     90.2574;       6.0;
93;3;    127.6435;     60.8217;       6.0;
94;3;    249.0295;    158.9504;       6.0;
95;3;    188.0791;     67.6930;       6.0;
96;3;    191.2078;     94.3861;       6.0;
97;3;    151.9504;     98.2574;       6.0;
98;3;    203.0664;     86.8217;       6.0;
99;3;    161.6435;     77.2574;       6.0;
100;4;    321.1582;    102.3861;       8.0;
101;4;    174.7721;     81.8217;       8.0;
102;4;    453.8512;    130.9504;       8.0;
103;4;    268.4652;    124.3861;       8.0;
104;4;    282.5812;     81.2447;       8.0;
105;4;    233.5021;    100.6930;       8.0;
106;4;    248.2078;     75.1287;       8.0;
107;4;    225.7721;     98.8217;       8.0;
108;4;    341.7226;    110.8217;       8.0;
109;4;    239.8882;     75.8217;       8.0;
110;4;    278.7226;    104.3861;       8.0;
111;4;    225.9008;     87.8217;       8.0;
112;4;    237.2078;    104.2574;       8.0;
113;4;    139.6435;     63.8217;       8.0;
114;4;    267.4652;    110.3861;       8.0;
115;4;    330.0169;     88.8217;       8.0;
116;4;    196.3365;     65.1287;       8.0;
117;4;    280.6308;     83.6930;       8.0;
118;4;    231.3365;     75.6930;       8.0;
119;4;    338.8882;    131.9504;       8.0;
120;4;    305.0295;    142.8217;       8.0;
121;4;    313.0295;    139.3861;       8.0;
122;4;    320.0295;    107.2574;       8.0;
123;4;    237.7722;     86.6930;       8.0;
124;4;    315.0295;     99.8217;       8.0;
125;4;    275.3365;     91.6930;       8.0;
126;4;    205.9008;     65.6930;       8.0;
127;4;    207.6434;     87.2574;       8.0;
128;4;    279.0664;    117.8217;       8.0;
129;4;    307.4652;    122.8217;       8.0;
130;4;     86.8217;     32.5643;       8.0;
131;4;    189.6435;     74.6930;       8.0;
132;4;    249.7722;     94.8217;       8.0;
133;5;    446.8513;    141.9504;      10.0;
134;5;    442.9799;    146.9504;      10.0;
135;5;    240.9008;     78.2574;      10.0;
136;5;    425.2869;    123.3861;      10.0;
137;5;    351.7226;    115.8217;      10.0;
138;5;    302.5812;     79.2574;      10.0;
139;5;    308.5939;     93.3861;      10.0;
140;5;    472.4156;    137.3861;      10.0;
141;5;    399.7226;    152.3861;      10.0;
142;5;    322.7226;    125.3861;      10.0;
143;5;    247.4652;     77.6930;      10.0;
144;5;    472.9799;    166.5148;      10.0;
145;5;    390.5939;     95.8217;      10.0;
146;5;    325.1582;     99.2574;      10.0;
147;5;    244.0295;     84.8217;      10.0;
148;5;    334.2869;    117.8217;      10.0;
149;5;    292.2869;     71.8217;      10.0;
150;5;    418.2869;    119.3861;      10.0;
151;5;    379.7226;     99.2574;      10.0;
152;5;    313.3238;     82.6930;      10.0;
153;5;    279.9008;     76.2574;      10.0;
154;5;    270.5939;     99.2574;      10.0;
155;5;    391.7226;     98.2574;      10.0;
156;5;    201.3365;     59.8217;      10.0;
157;5;    530.2247;    157.9504;      10.0;
158;5;    298.4525;     91.1160;      10.0;
159;5;    508.5443;    183.9504;      10.0;
160;5;    398.2869;    125.3861;      10.0;
161;5;    359.7099;    112.3861;      10.0;
162;5;    265.4652;    132.3861;      10.0;
163;5;    273.0295;     85.2574;      10.0;
164;5;    467.9799;    110.3861;      10.0;
165;5;    351.9008;     89.2574;      10.0;
166;6;    383.1456;     88.2574;      12.0;
167;6;    468.9799;    137.3861;      12.0;
168;6;    417.1086;    104.3861;      12.0;
169;6;    410.3903;     95.6804;      12.0;
170;6;    533.8386;    160.3861;      12.0;
171;6;    539.1086;    128.3861;      12.0;
172;6;    452.5443;    122.3861;      12.0;
173;6;    462.1086;    130.9504;      12.0;
174;6;    317.5939;    125.3861;      12.0;
175;6;    338.2869;    101.2574;      12.0;
176;6;    245.8755;     85.2574;      12.0;
177;6;    491.9799;    124.3861;      12.0;
178;6;    312.9009;    128.2574;      12.0;
179;6;    364.7099;    141.3861;      12.0;
180;6;    508.2373;    117.3861;      12.0;
181;6;    456.9800;    136.9504;      12.0;
182;6;    525.8017;    145.9504;      12.0;
183;6;    517.9304;    141.9504;      12.0;
184;6;    442.6730;    111.8217;      12.0;
185;6;    220.1582;     52.2574;      12.0;
186;6;    369.4156;    105.2574;      12.0;
187;6;    478.9800;     91.2574;      12.0;
188;6;    389.8512;    110.2574;      12.0;
189;6;    517.1087;    115.3861;      12.0;
190;6;    408.1086;    109.8217;      12.0;
191;6;    266.8386;    107.3734;      12.0;
192;6;    543.6730;    128.8217;      12.0;
193;6;    421.1202;    112.2447;      12.0;
194;6;    501.9304;    118.9504;      12.0;
195;6;    360.8513;    131.9504;      12.0;
196;6;    401.9799;     94.2574;      12.0;
197;6;    318.5939;     81.6930;      12.0;
198;6;    440.2869;    125.3861;      12.0;
199;7;    519.7890;    115.8217;      14.0;
200;7;    327.2869;     94.8217;      14.0;
201;7;    356.8386;     94.2574;      14.0;
202;7;    484.2373;     99.3861;      14.0;
203;7;    604.9177;    135.9504;      14.0;
204;7;    353.1456;    101.1160;      14.0;
205;7;    496.3776;    139.3861;      14.0;
206;7;    514.3534;    114.3861;      14.0;
207;7;    558.0960;    148.3861;      14.0;
208;7;    342.0295;     74.1287;      14.0;
209;7;    507.4030;    123.9504;      14.0;
210;7;    370.7226;     89.2574;      14.0;
211;7;    414.6730;    109.8217;      14.0;
212;7;    439.5316;    102.2447;      14.0;
213;7;    397.2742;    106.6930;      14.0;
214;7;    440.5812;    111.8217;      14.0;
215;7;    538.6234;    117.3861;      14.0;
216;7;    614.0960;    148.3861;      14.0;
217;7;    549.6730;    141.3861;      14.0;
218;7;    460.4029;    161.9504;      14.0;
219;7;    536.9304;    121.9504;      14.0;
220;7;    470.9799;    138.3861;      14.0;
221;7;    506.1086;    158.9504;      14.0;
222;7;    497.9673;     98.6804;      14.0;
223;7;    442.2247;     99.2447;      14.0;
224;7;    404.9799;     92.6930;      14.0;
225;7;    590.3660;    129.3861;      14.0;
226;7;    524.3534;    124.9504;      14.0;
227;7;    603.0833;    132.3734;      14.0;
228;7;    486.1086;    115.3861;      14.0;
229;7;    492.9673;     98.1160;      14.0;
230;7;    414.4029;    106.3861;      14.0;
231;7;    594.3534;    128.3734;      14.0;
232;8;    381.3660;     68.8217;      16.0;
233;8;    559.8017;    101.2574;      16.0;
234;8;    535.4821;     93.1160;      16.0;
235;8;    554.7521;    118.9504;      16.0;
236;8;    520.9177;    117.3861;      16.0;
237;8;    584.6107;    120.3861;      16.0;
238;8;    465.9673;     81.6930;      16.0;
239;8;    555.4947;     95.2574;      16.0;
240;8;    385.1086;     79.2574;      16.0;
241;8;    433.9799;    115.2574;      16.0;
242;8;    671.7521;    153.3861;      16.0;
243;8;    619.6234;    158.9504;      16.0;
244;8;    652.8681;    111.3861;      16.0;
245;8;    537.1877;    100.3861;      16.0;
246;8;    460.6603;     87.3861;      16.0;
247;8;    677.0464;    116.2574;      16.0;
248;8;    423.4030;    107.2447;      16.0;
249;8;    408.4156;     88.2574;      16.0;
250;8;    428.1086;     87.2574;      16.0;
251;8;    504.1086;     87.2574;      16.0;
252;8;    586.7890;    122.3861;      16.0;
253;8;    399.5443;    115.3861;      16.0;
254;8;    567.7890;    124.9504;      16.0;
255;8;    468.6603;     88.3861;      16.0;
256;8;    363.5316;     97.2574;      16.0;
257;8;    511.6603;    123.8217;      16.0;
258;8;    483.9800;     98.6930;      16.0;
259;8;    446.8386;    110.3861;      16.0;
260;8;    674.9304;    137.3861;      16.0;
261;8;    534.0960;    113.3861;      16.0;
262;8;    613.9177;    120.3861;      16.0;
263;8;    518.0960;    105.3861;      16.0;
264;8;    500.6730;    116.2574;      16.0;
265;9;    615.6107;    108.8217;      18.0;
266;9;    624.7521;    117.3861;      18.0;
267;9;    594.6234;    130.9504;      18.0;
268;9;    492.5316;    115.3861;      18.0;
269;9;    498.4820;    106.8217;      18.0;
270;9;    574.9304;    118.9504;      18.0;
271;9;    640.2120;    117.2574;      18.0;
272;9;    729.4451;    127.3861;      18.0;
273;9;    618.3660;    135.3861;      18.0;
274;9;    467.1086;     94.2574;      18.0;
275;9;    562.7890;    102.3861;      18.0;
276;9;    569.7521;     87.3861;      18.0;
277;9;    642.7521;    134.8217;      18.0;
278;9;    617.2373;    109.2574;      18.0;
279;9;    488.2373;    118.2574;      18.0;
280;9;    629.7394;    131.8217;      18.0;
281;9;    664.3534;    153.3861;      18.0;
282;9;    557.5190;    105.2574;      18.0;
283;9;    751.1878;    111.2574;      18.0;
284;9;    452.2373;    108.2574;      18.0;
285;9;    777.4451;    145.9504;      18.0;
286;9;    550.2373;    110.3861;      18.0;
287;9;    583.7764;    100.6804;      18.0;
288;9;    690.3533;    111.8217;      18.0;
289;9;    607.1994;    125.3861;      18.0;
290;9;    601.5981;    149.9378;      18.0;
291;9;    512.1878;     83.6930;      18.0;
292;9;    425.5443;    107.2574;      18.0;
293;9;    697.5981;    154.9504;      18.0;
294;9;    649.1877;    143.3861;      18.0;
295;9;    621.4568;    111.8217;      18.0;
296;9;    673.0464;    134.9504;      18.0;
297;9;    664.9177;    107.8217;      18.0;
298;10;    697.5738;    148.9504;      20.0;
299;10;    624.1877;    114.3861;      20.0;
300;10;    659.4325;    111.9504;      20.0;
301;10;    525.4947;    111.9504;      20.0;
302;10;    848.1255;    180.3734;      20.0;
303;10;    737.5612;    106.3861;      20.0;
304;10;    721.6234;    115.2574;      20.0;
305;10;    579.3534;    105.6930;      20.0;
306;10;    838.8555;    166.5148;      20.0;
307;10;    517.7521;    153.3861;      20.0;
308;10;    686.0211;    124.8091;      20.0;
309;10;    732.7025;    130.3861;      20.0;
310;10;    767.0095;    117.3861;      20.0;
311;10;    649.4694;    110.2574;      20.0;
312;10;    505.3038;     82.8217;      20.0;
313;10;    569.7764;    104.8217;      20.0;
314;10;    669.7521;    110.3861;      20.0;
315;10;    714.7268;    103.2574;      20.0;
316;10;    463.6730;     85.2574;      20.0;
317;10;    520.3903;     89.2574;      20.0;
318;10;    901.6772;    151.3861;      20.0;
319;10;    719.9842;    156.5148;      20.0;
320;10;    875.8312;    116.2574;      20.0;
321;10;    657.3164;    123.3861;      20.0;
322;10;    663.1751;    103.2574;      20.0;
323;10;    638.3660;    105.2574;      20.0;
324;10;    681.8808;    125.3861;      20.0;
325;10;    579.6234;    113.2574;      20.0;
326;10;    704.1751;    122.8217;      20.0;
327;10;    705.4452;    133.8217;      20.0;
328;10;    583.7521;    123.9504;      20.0;
329;10;    686.4451;    118.3861;      20.0;
330;10;    733.2669;    110.3861;      20.0;
331;11;    780.8555;    168.9378;      22.0;
332;11;    627.1878;    141.3861;      22.0;
333;11;    834.2669;    136.9504;      22.0;
334;11;    678.4451;    130.9504;      22.0;
335;11;    816.9599;    136.9504;      22.0;
336;11;    507.7890;     75.2574;      22.0;
337;11;    829.6899;    116.3861;      22.0;
338;11;    783.9968;    141.9504;      22.0;
339;11;    799.3829;    147.9504;      22.0;
340;11;    969.2046;    170.3734;      22.0;
341;11;    677.7394;    112.3861;      22.0;
342;11;    797.9599;    104.3861;      22.0;
343;11;    716.4198;     95.1160;      22.0;
344;11;    614.3164;    125.3861;      22.0;
345;11;    731.4325;    106.2574;      22.0;
346;11;    792.8681;    119.8217;      22.0;
347;11;    583.0833;    109.2574;      22.0;
348;11;    694.5854;    105.2574;      22.0;
349;11;    785.8428;    117.6804;      22.0;
350;11;    935.6529;    123.3861;      22.0;
351;11;    549.3164;    100.8217;      22.0;
352;11;    878.2669;    178.5148;      22.0;
353;11;    725.7521;    115.3861;      22.0;
354;11;    634.7141;    118.9504;      22.0;
355;11;    901.5242;    137.3861;      22.0;
356;11;    612.0464;     94.3861;      22.0;
357;11;    772.6899;    131.9504;      22.0;
358;11;    792.2542;    132.8091;      22.0;
359;11;    727.0095;    146.9504;      22.0;
360;11;    787.5612;    109.8217;      22.0;
361;11;    642.8808;     99.3861;      22.0;
362;11;    637.4821;     96.3861;      22.0;
363;11;    726.5738;    133.9504;      22.0;
364;12;    722.9968;    108.8217;      24.0;
365;12;    710.8682;    130.8217;      24.0;
366;12;    973.3576;    146.8217;      24.0;
367;12;    709.0338;    107.2574;      24.0;
368;12;    816.5485;    105.2574;      24.0;
369;12;    928.6403;    123.9504;      24.0;
370;12;    940.0759;    139.3861;      24.0;
371;12;    853.6276;    145.9504;      24.0;
372;12;    864.6529;    104.2574;      24.0;
373;12;    717.2542;    104.3861;      24.0;
374;12;    939.3460;    132.9504;      24.0;
375;12;    792.7025;     89.2574;      24.0;
376;12;    941.0886;    146.8217;      24.0;
377;12;    823.1255;    116.3861;      24.0;
378;12;    775.4198;    130.3861;      24.0;
379;12;    819.0886;    120.8217;      24.0;
380;12;    803.8312;    107.8217;      24.0;
381;12;    940.6276;    168.8091;      24.0;
382;12;    798.2669;    105.8217;      24.0;
383;12;    941.6403;    121.6804;      24.0;
384;12;    887.8977;    121.9504;      24.0;
385;12;    937.8059;    147.9504;      24.0;
386;12;    916.1382;    123.8217;      24.0;
387;12;    861.7816;    114.3861;      24.0;
388;12;    931.9599;    135.3861;      24.0;
389;12;    895.5116;    168.5148;      24.0;
390;12;    778.5116;     98.3861;      24.0;
391;12;    762.8681;    129.3861;      24.0;
392;12;    728.2542;     98.3861;      24.0;
393;12;    793.2542;    149.3861;      24.0;
394;12;    686.4325;    100.2447;      24.0;
395;12;    706.1128;    112.3861;      24.0;
396;12;    659.4325;    104.2574;      24.0;
397;13;   1168.8977;    139.3861;      26.0;
398;13;    969.0749;    148.3734;      26.0;
399;13;    898.0759;    135.9504;      26.0;
400;13;    762.9968;     95.5517;      26.0;
401;13;    777.6899;    104.2574;      26.0;
402;13;    777.4072;    111.8217;      26.0;
403;13;    836.3956;    121.8217;      26.0;
404;13;    845.1667;    123.8091;      26.0;
405;13;    799.0759;    110.3861;      26.0;
406;13;    710.2785;    117.6677;      26.0;
407;13;    875.4863;    135.9504;      26.0;
408;13;    704.8428;     95.6804;      26.0;
409;13;   1011.1920;    121.3861;      26.0;
410;13;   1030.7563;    141.3861;      26.0;
411;13;    680.7395;    115.6930;      26.0;
412;13;    898.3333;    127.3861;      26.0;
413;13;    731.3038;    105.8217;      26.0;
414;13;   1005.7816;    146.9504;      26.0;
415;13;   1028.1919;    121.8217;      26.0;
416;13;    720.1382;    140.3861;      26.0;
417;13;    844.9472;    145.9504;      26.0;
418;13;   1033.6403;    131.8091;      26.0;
419;13;    894.6529;    141.9504;      26.0;
420;13;    924.5116;    160.9504;      26.0;
421;13;    957.8976;    158.9378;      26.0;
422;13;   1103.6034;    155.9504;      26.0;
423;13;    803.0759;     92.3861;      26.0;
424;13;    961.7816;    125.3861;      26.0;
425;13;    994.7816;    125.9504;      26.0;
426;13;    884.8175;    114.8091;      26.0;
427;13;    900.1255;    121.8217;      26.0;
428;13;   1008.6403;    121.3861;      26.0;
429;13;    824.3829;    146.9504;      26.0;
430;14;    987.3819;    126.8091;      28.0;
431;14;    902.2542;    143.3861;      28.0;
432;14;    811.7015;    129.3861;      28.0;
433;14;    880.5116;    102.2574;      28.0;
434;14;   1078.0137;    134.9504;      28.0;
435;14;   1036.7194;    140.3861;      28.0;
436;14;    963.2289;    111.3734;      28.0;
437;14;    933.3333;    121.3861;      28.0;
438;14;    848.7817;    118.9504;      28.0;
439;14;    825.8185;    103.3861;      28.0;
440;14;    745.2784;    104.6804;      28.0;
441;14;    901.7932;    163.8091;      28.0;
442;14;    954.3333;    114.8217;      28.0;
443;14;    949.2173;     98.3861;      28.0;
444;14;    894.2416;    110.2574;      28.0;
445;14;    985.0633;    112.8091;      28.0;
446;14;   1024.3449;    130.9504;      28.0;
447;14;    905.2542;    123.2574;      28.0;
448;14;    883.3576;    106.2574;      28.0;
449;14;    791.9599;    129.3861;      28.0;
450;14;   1167.4251;    139.9504;      28.0;
451;14;    901.9220;    129.9504;      28.0;
452;14;    692.8186;     76.6930;      28.0;
453;14;    917.9715;    127.1160;      28.0;
454;14;    805.9472;    112.3861;      28.0;
455;14;    869.9472;    103.3861;      28.0;
456;14;    943.9472;    167.9504;      28.0;
457;14;    909.3702;    117.8091;      28.0;
458;14;    969.6149;    131.9504;      28.0;
459;14;    973.0632;    134.8217;      28.0;
460;14;    885.5116;    119.9504;      28.0;
461;14;    797.5612;    105.8217;      28.0;
462;14;    815.3818;    114.6804;      28.0;
463;15;    926.6276;    108.3861;      30.0;
464;15;    986.2289;    100.3861;      30.0;
465;15;   1034.8354;    124.9504;      30.0;
466;15;   1163.0633;    159.3734;      30.0;
467;15;    898.0749;    111.8217;      30.0;
468;15;    897.9599;    109.8217;      30.0;
469;15;    882.6403;    124.9504;      30.0;
470;15;    888.6898;    125.3861;      30.0;
471;15;   1032.7436;    114.3861;      30.0;
472;15;   1026.7563;    141.9504;      30.0;
473;15;   1131.5654;    130.9504;      30.0;
474;15;    985.1920;    152.3861;      30.0;
475;15;    927.7805;    119.2574;      30.0;
476;15;   1043.4251;    130.9504;      30.0;
477;15;    885.0759;    107.6804;      30.0;
478;15;    894.4620;     93.2447;      30.0;
479;15;    967.7563;    106.3861;      30.0;
480;15;   1002.3702;    122.3861;      30.0;
481;15;    769.6899;    117.8217;      30.0;
482;15;    987.3829;    132.8217;      30.0;
483;15;    958.7563;    111.3861;      30.0;
484;15;   1048.4610;    133.3861;      30.0;
485;15;    921.2289;    105.2574;      30.0;
486;15;   1102.7194;    123.3861;      30.0;
487;15;   1149.4240;    146.9378;      30.0;
488;15;   1160.7194;    137.3861;      30.0;
489;15;   1037.7067;    130.9504;      30.0;
490;15;    909.0633;    134.9504;      30.0;
491;15;   1093.6034;    137.9504;      30.0;
492;15;    939.2542;    137.3861;      30.0;
493;15;    978.6519;    120.3734;      30.0;
494;15;   1241.9767;    151.3861;      30.0;
495;15;   1004.3576;    110.2574;      30.0;
496;16;   1298.2711;    118.3861;      32.0;
497;16;    977.1919;    112.3861;      32.0;
498;16;   1095.3333;    118.2574;      32.0;
499;16;   1213.2215;    178.5148;      32.0;
500;16;   1206.5400;    139.8091;      32.0;
501;16;   1001.7806;    113.3861;      32.0;
502;16;   1084.8851;    167.9504;      32.0;
503;16;    982.0137;    109.3861;      32.0;
504;16;   1027.5770;    142.7964;      32.0;
505;16;    948.6024;    100.6804;      32.0;
506;16;   1190.9514;    168.9504;      32.0;
507;16;   1212.1424;    148.3861;      32.0;
508;16;   1172.1414;    137.3861;      32.0;
509;16;   1282.6814;    127.3861;      32.0;
510;16;   1134.3333;    133.2447;      32.0;
511;16;    950.2047;    117.6804;      32.0;
512;16;   1109.1424;    106.3861;      32.0;
513;16;   1014.3576;    121.3861;      32.0;
514;16;   1130.5411;    118.8217;      32.0;
515;16;   1123.2046;    130.3861;      32.0;
516;16;   1050.8059;    130.9504;      32.0;
517;16;   1009.6519;    120.6804;      32.0;
518;16;    921.6403;    102.2574;      32.0;
519;16;   1035.3997;    124.9504;      32.0;
520;16;   1074.9884;    136.9504;      32.0;
521;16;   1193.2837;    117.8217;      32.0;
522;16;    948.8850;    114.3861;      32.0;
523;16;   1219.8228;    135.3861;      32.0;
524;16;   1052.5780;    115.3861;      32.0;
525;16;   1112.2700;    141.9504;      32.0;
526;16;   1029.6519;    105.2574;      32.0;
527;16;   1031.8945;    112.3861;      32.0;
528;16;   1147.6941;    124.3861;      32.0;
529;17;   1100.1424;    154.3861;      34.0;
530;17;   1261.5401;    146.2321;      34.0;
531;17;   1256.4241;    170.9504;      34.0;
532;17;   1254.1297;    137.3861;      34.0;
533;17;   1111.2447;    130.9504;      34.0;
534;17;   1203.4124;    114.3861;      34.0;
535;17;    979.0506;    124.3861;      34.0;
536;17;   1224.3998;    127.2574;      34.0;
537;17;   1038.9884;    104.8217;      34.0;
538;17;   1124.2584;    174.5148;      34.0;
539;17;   1253.6930;    158.9504;      34.0;
540;17;    960.6023;    123.2574;      34.0;
541;17;   1132.2837;    124.3861;      34.0;
542;17;   1036.0633;    147.9504;      34.0;
543;17;   1153.6941;     94.8217;      34.0;
544;17;   1271.2584;    137.3861;      34.0;
545;17;   1220.1181;    129.9504;      34.0;
546;17;   1043.4747;     97.2574;      34.0;
547;17;    969.7932;    107.2574;      34.0;
548;17;   1213.8481;    129.3861;      34.0;
549;17;    920.4863;     92.3861;      34.0;
550;17;   1176.2078;    128.2447;      34.0;
551;17;   1039.4609;    108.6804;      34.0;
552;17;    918.9884;    112.2447;      34.0;
553;17;   1207.2700;    146.7964;      34.0;
554;17;   1055.3206;    110.3861;      34.0;
555;17;   1113.1424;    146.9504;      34.0;
556;17;   1144.3871;    146.9504;      34.0;
557;17;   1209.4124;    181.3734;      34.0;
558;17;   1047.7436;    125.3861;      34.0;
559;17;   1197.1298;    143.3861;      34.0;
560;17;   1109.4493;    132.2447;      34.0;
561;17;   1162.9251;    137.5264;      34.0;
562;18;    959.1424;    128.3861;      36.0;
563;18;   1148.1171;    109.2574;      36.0;
564;18;   1199.8354;    131.9504;      36.0;
565;18;   1052.7436;    143.3861;      36.0;
566;18;   1197.8101;    131.3861;      36.0;
567;18;   1252.8217;    132.6677;      36.0;
568;18;   1032.7194;    116.3861;      36.0;
569;18;   1366.6318;    158.9504;      36.0;
570;18;   1362.3133;    153.5148;      36.0;
571;18;   1157.5411;    137.3861;      36.0;
572;18;   1473.4546;    166.5148;      36.0;
573;18;   1065.5770;    105.2574;      36.0;
574;18;   1160.3745;    111.3861;      36.0;
575;18;   1264.8101;    130.8217;      36.0;
576;18;   1312.0432;    159.3734;      36.0;
577;18;   1230.2088;    119.8091;      36.0;
578;18;   1260.8101;    129.3861;      36.0;
579;18;   1106.8481;    118.3861;      36.0;
580;18;   1325.1055;    136.9504;      36.0;
581;18;   1280.6434;    129.9504;      36.0;
582;18;   1088.1413;    144.9504;      36.0;
583;18;   1159.5633;    101.8217;      36.0;
584;18;   1151.4114;    109.3861;      36.0;
585;18;   1033.1424;    129.9504;      36.0;
586;18;   1290.0928;    141.9504;      36.0;
587;18;   1039.6519;     91.5517;      36.0;
588;18;   1094.3998;    121.8217;      36.0;
589;18;   1313.0664;    124.9504;      36.0;
590;18;   1534.1593;    151.8091;      36.0;
591;18;   1178.1297;    131.9504;      36.0;
592;18;   1320.8354;    125.3861;      36.0;
593;18;   1290.2215;    119.8217;      36.0;
594;18;   1067.8354;    110.3861;      36.0;
595;19;   1334.7605;    153.3861;      38.0;
596;19;   1045.4493;    117.2574;      38.0;
597;19;   1315.5031;    126.3861;      38.0;
598;19;   1145.2710;    129.3861;      38.0;
599;19;   1451.5823;    141.9504;      38.0;
600;19;   1339.1972;    154.5148;      38.0;
601;19;   1051.1171;    157.9504;      38.0;
602;19;   1112.7848;    133.8217;      38.0;
603;19;    992.1793;     98.3861;      38.0;
604;19;   1356.7847;    116.3861;      38.0;
605;19;   1372.8101;    131.3861;      38.0;
606;19;   1289.3249;    129.9504;      38.0;
607;19;   1097.9757;    141.9504;      38.0;
608;19;   1296.3502;    153.3861;      38.0;
609;19;   1324.2088;    126.2447;      38.0;
610;19;   1333.3502;    148.3861;      38.0;
611;19;   1405.3492;    133.3861;      38.0;
612;19;   1277.5274;    115.9504;      38.0;
613;19;   1314.5158;    160.9504;      38.0;
614;19;   1213.2341;    154.9504;      38.0;
615;19;   1273.0548;    156.9504;      38.0;
616;19;   1072.9388;    121.2447;      38.0;
617;19;   1197.3871;    103.6930;      38.0;
618;19;   1225.9768;    121.3861;      38.0;
619;19;   1446.8776;    131.8217;      38.0;
620;19;   1226.2711;    138.3861;      38.0;
621;19;   1258.5284;    147.8091;      38.0;
622;19;   1348.9019;    136.9504;      38.0;
623;19;   1251.2088;    132.3861;      38.0;
624;19;   1231.3871;    186.5148;      38.0;
625;19;   1128.3998;    108.5517;      38.0;
626;19;   1105.9514;    130.9504;      38.0;
627;19;    972.0137;    136.2447;      38.0;
628;20;   1277.4778;    112.6677;      40.0;
629;20;   1542.8407;    141.3861;      40.0;
630;20;   1233.0791;    111.8217;      40.0;
631;20;   1439.0306;    137.3861;      40.0;
632;20;   1397.4662;    128.2574;      40.0;
633;20;   1237.9387;    104.6804;      40.0;
634;20;   1632.4040;    147.8091;      40.0;
635;20;   1204.5780;    123.8217;      40.0;
636;20;   1333.1835;    129.3861;      40.0;
637;20;   1358.7109;    124.9504;      40.0;
638;20;   1176.7964;    144.3734;      40.0;
639;20;   1300.1287;    103.6930;      40.0;
640;20;   1253.6308;    113.6677;      40.0;
641;20;   1241.9019;    154.8217;      40.0;
642;20;   1257.4905;    112.3861;      40.0;
643;20;   1172.9261;    130.9504;      40.0;
644;20;   1349.7605;    104.3861;      40.0;
645;20;   1246.3871;    118.9504;      40.0;
646;20;   1558.8269;    153.3861;      40.0;
647;20;   1296.4915;    147.3861;      40.0;
648;20;   1395.6445;    156.5148;      40.0;
649;20;   1312.2088;    109.8217;      40.0;
650;20;   1682.2753;    179.9504;      40.0;
651;20;   1462.9810;    129.3861;      40.0;
652;20;   1323.4789;    141.3861;      40.0;
653;20;   1337.3375;    123.2447;      40.0;
654;20;   1204.9261;    111.3861;      40.0;
655;20;   1445.8101;    125.2447;      40.0;
656;20;   1379.1972;    152.3861;      40.0;
657;20;   1314.3249;    158.9504;      40.0;
658;20;   1458.1835;    171.9504;      40.0;
659;20;   1573.2637;    147.9504;      40.0;
660;20;   1491.3249;    132.8091;      40.0;
661;21;   1374.8649;    126.2574;      42.0;
662;21;   1262.6192;    137.3861;      42.0;
663;21;   1494.2120;    132.7964;      42.0;
664;21;   1361.7605;    113.5390;      42.0;
665;21;   1454.2996;    131.9504;      42.0;
666;21;   1499.1097;    136.9504;      42.0;
667;21;   1384.4916;    142.8217;      42.0;
668;21;   1503.9557;    128.3734;      42.0;
669;21;   1339.1592;    105.3861;      42.0;
670;21;   1448.8882;    135.9504;      42.0;
671;21;   1534.2869;    146.9504;      42.0;
672;21;   1531.3671;    118.3861;      42.0;
673;21;   1510.0538;    140.6677;      42.0;
674;21;   1509.6613;    137.3861;      42.0;
675;21;   1259.9261;    109.2574;      42.0;
676;21;   1446.4167;    115.3861;      42.0;
677;21;   1580.4166;    140.2447;      42.0;
678;21;   1508.2753;    130.9504;      42.0;
679;21;   1207.3998;    118.9504;      42.0;
680;21;   1429.3365;    145.9504;      42.0;
681;21;   1384.9134;    106.8217;      42.0;
682;21;   1596.6740;    157.8091;      42.0;
683;21;   1329.0052;    140.3861;      42.0;
684;21;   1439.7363;    143.8217;      42.0;
685;21;   1280.7859;    104.3861;      42.0;
686;21;   1159.9514;    158.9504;      42.0;
687;21;   1405.3248;    166.5148;      42.0;
688;21;   1268.2880;    105.8217;      42.0;
689;21;   1639.6983;    167.3734;      42.0;
690;21;   1629.0854;    125.9504;      42.0;
691;21;   1320.5949;    154.3861;      42.0;
692;21;   1733.0728;    134.8217;      42.0;
693;21;   1396.7479;    158.9504;      42.0;
694;22;   1293.2331;    124.9504;      44.0;
695;22;   1259.4789;    137.3861;      44.0;
696;22;   1652.6993;    137.3861;      44.0;
697;22;   1799.5738;    152.9378;      44.0;
698;22;   1508.2879;    148.3861;      44.0;
699;22;   1734.0960;    142.3861;      44.0;
700;22;   1683.5432;    170.2321;      44.0;
701;22;   1319.0801;    132.3861;      44.0;
702;22;   1534.0052;    123.8217;      44.0;
703;22;   1607.6371;    166.5148;      44.0;
704;22;   1594.2500;    146.9504;      44.0;
705;22;   1540.4293;    118.9504;      44.0;
706;22;   1494.4283;    127.9504;      44.0;
707;22;   1704.6244;    147.9377;      44.0;
708;22;   1542.9440;    179.9504;      44.0;
709;22;   1427.6983;    113.3861;      44.0;
710;22;   1429.2753;    139.3861;      44.0;
711;22;   1452.8649;    116.3861;      44.0;
712;22;   1463.5928;    146.9504;      44.0;
713;22;   1350.9262;    125.3861;      44.0;
714;22;   1214.2574;    119.9504;      44.0;
715;22;   1516.7109;    139.3861;      44.0;
716;22;   1186.2457;    106.2574;      44.0;
717;22;   1190.0802;     99.8217;      44.0;
718;22;   1591.1212;    139.6677;      44.0;
719;22;   1636.8396;    130.8217;      44.0;
720;22;   1407.7236;    153.3861;      44.0;
721;22;   1281.7352;    145.0907;      44.0;
722;22;   1372.3787;    145.9504;      44.0;
723;22;   1414.1466;    164.9378;      44.0;
724;22;   1463.4662;    141.3861;      44.0;
725;22;   1660.8934;    146.9504;      44.0;
726;22;   1234.7362;    117.6804;      44.0;
727;23;   1615.9430;    130.3861;      46.0;
728;23;   1656.3913;    138.8091;      46.0;
729;23;   1456.1593;    116.3861;      46.0;
730;23;   1657.0601;    116.2574;      46.0;
731;23;   1423.1213;    109.8091;      46.0;
732;23;   1365.7109;    118.3861;      46.0;
733;23;   1620.9188;    133.9504;      46.0;
734;23;   1473.7363;    158.9504;      46.0;
735;23;   1514.6846;    137.3861;      46.0;
736;23;   1638.8017;    147.3861;      46.0;
737;23;   1499.4662;    133.3861;      46.0;
738;23;   1398.0970;    133.9504;      46.0;
739;23;   1569.1340;    148.9504;      46.0;
740;23;   1658.6350;    127.3861;      46.0;
741;23;   1430.7098;    164.6677;      46.0;
742;23;   1533.1709;    133.2447;      46.0;
743;23;   1629.6360;    131.3734;      46.0;
744;23;   1646.6973;    137.3861;      46.0;
745;23;   1511.4156;    133.9504;      46.0;
746;23;   1597.7109;    121.3861;      46.0;
747;23;   1355.1951;    116.8217;      46.0;
748;23;   1705.9430;    136.3861;      46.0;
749;23;   1533.9061;    112.3861;      46.0;
750;23;   1725.3544;    167.9504;      46.0;
751;23;   1472.0844;    141.9504;      46.0;
752;23;   1450.3006;    131.8217;      46.0;
753;23;   1747.9314;    153.3861;      46.0;
754;23;   1465.8892;    131.9504;      46.0;
755;23;   1733.2383;    158.9504;      46.0;
756;23;   1407.7363;    119.6930;      46.0;
757;23;   1680.1213;    119.2447;      46.0;
758;23;   1611.2753;    115.2574;      46.0;
759;23;   1423.8649;    133.3861;      46.0;
760;24;   1708.3902;    134.9504;      48.0;
761;24;   1555.4166;    136.3861;      48.0;
762;24;   1643.5453;    145.9504;      48.0;
763;24;   1651.5316;    138.2447;      48.0;
764;24;   1583.6856;    154.3861;      48.0;
765;24;   1573.8143;    148.3861;      48.0;
766;24;   1431.9926;    111.3861;      48.0;
767;24;   1766.0833;    141.9504;      48.0;
768;24;   1819.4947;    118.8091;      48.0;
769;24;   1836.5738;    142.8091;      48.0;
770;24;   1667.3281;    153.7964;      48.0;
771;24;   1598.2246;    104.3861;      48.0;
772;24;   1776.1750;    141.3861;      48.0;
773;24;   1502.9441;    129.3861;      48.0;
774;24;   1570.8017;    157.9504;      48.0;
775;24;   1328.1835;    135.8091;      48.0;
776;24;   1629.2257;    132.8091;      48.0;
777;24;   1549.1097;    112.6804;      48.0;
778;24;   1769.6350;    136.2447;      48.0;
779;24;   1897.6118;    136.9504;      48.0;
780;24;   1374.6318;    137.3861;      48.0;
781;24;   1391.8639;    139.8091;      48.0;
782;24;   1474.3006;    114.3861;      48.0;
783;24;   1696.1867;    109.3861;      48.0;
784;24;   1895.1382;    154.8217;      48.0;
785;24;   1483.2384;    125.3861;      48.0;
786;24;   1816.5864;    164.3861;      48.0;
787;24;   1401.1592;    118.9504;      48.0;
788;24;   1660.8270;    105.1160;      48.0;
789;24;   1575.9420;    175.7964;      48.0;
790;24;   1682.2257;    114.6804;      48.0;
791;24;   1416.9926;    101.3861;      48.0;
792;24;   1704.6245;    160.3861;      48.0;
793;25;   1727.2130;    129.3861;      50.0;
794;25;   1574.2373;    119.9504;      50.0;
795;25;   1594.0727;    126.2574;      50.0;
796;25;   1572.8270;    146.8091;      50.0;
797;25;   1965.2795;    129.9504;      50.0;
798;25;   1641.6097;    122.9251;      50.0;
799;25;   1624.9800;    191.9504;      50.0;
800;25;   1649.3670;    121.6677;      50.0;
801;25;   1655.0706;    124.1034;      50.0;
802;25;   1793.1635;    133.3861;      50.0;
803;25;   1560.5442;     94.5517;      50.0;
804;25;   1587.6234;    159.2321;      50.0;
805;25;   1749.0105;    129.3861;      50.0;
806;25;   1592.9188;    129.9504;      50.0;
807;25;   1941.4335;    158.9504;      50.0;
808;25;   1552.0960;    128.2574;      50.0;
809;25;   1840.2162;    151.3861;      50.0;
810;25;   1731.0348;    142.8217;      50.0;
811;25;   1413.8650;    125.9504;      50.0;
812;25;   1542.3291;    115.3861;      50.0;
813;25;   1830.4705;    167.9504;      50.0;
814;25;   1524.4820;    127.2574;      50.0;
815;25;   1863.8438;    146.9504;      50.0;
816;25;   1407.6856;    109.9504;      50.0;
817;25;   1538.2014;    157.9504;      50.0;
818;25;   1854.1634;    135.9504;      50.0;
819;25;   1726.4704;    179.9504;      50.0;
820;25;   1592.0844;    125.3861;      50.0;
821;25;   1922.8692;    167.9504;      50.0;
822;25;   1683.6497;    127.3861;      50.0;
823;25;   1844.4198;    134.9504;      50.0;
824;25;   2051.4071;    148.3861;      50.0;
825;25;   1701.2120;    134.9504;      50.0;
826;26;   1677.7763;    153.0907;      52.0;
827;26;   2101.3840;    143.8217;      52.0;
828;26;   1873.5728;    167.9504;      52.0;
829;26;   1888.3828;    130.2447;      52.0;
830;26;   1944.8555;    149.2447;      52.0;
831;26;   1673.9177;    141.3861;      52.0;
832;26;   1863.5865;    146.9504;      52.0;
833;26;   2008.4081;    142.8091;      52.0;
834;26;   1753.9177;    135.3734;      52.0;
835;26;   1952.1381;    141.2447;      52.0;
836;26;   1907.1392;    152.3861;      52.0;
837;26;   1847.5991;    142.9504;      52.0;
838;26;   1712.8629;    158.9504;      52.0;
839;26;   1548.2752;    114.3861;      52.0;
840;26;   1935.7036;    147.3861;      52.0;
841;26;   1904.3037;    149.3861;      52.0;
842;26;   1679.9039;    108.2574;      52.0;
843;26;   1830.9979;    148.3861;      52.0;
844;26;   1749.0443;    136.8217;      52.0;
845;26;   1844.2668;    109.8217;      52.0;
846;26;   1795.7405;    130.9504;      52.0;
847;26;   1907.7532;    136.3861;      52.0;
848;26;   1809.3829;    132.9504;      52.0;
849;26;   1618.2795;    111.3861;      52.0;
850;26;   1499.5453;    148.3861;      52.0;
851;26;   1737.1624;    138.8091;      52.0;
852;26;   1597.4039;    103.2574;      52.0;
853;26;   1767.5622;    133.3861;      52.0;
854;26;   1474.5063;    107.2574;      52.0;
855;26;   2132.6645;    146.3734;      52.0;
856;26;   1675.4820;    140.3861;      52.0;
857;26;   1628.9303;    131.3861;      52.0;
858;26;   1793.4704;    149.3861;      52.0;
859;27;   1892.1382;    140.2447;      54.0;
860;27;   1681.9546;    104.2574;      54.0;
861;27;   2167.4619;    162.5148;      54.0;
862;27;   2065.6624;    130.9504;      54.0;
863;27;   1826.1128;    123.8217;      54.0;
864;27;   1771.8934;    128.3861;      54.0;
865;27;   1634.3914;    149.3861;      54.0;
866;27;   1808.9599;    154.8217;      54.0;
867;27;   1796.3291;    136.3861;      54.0;
868;27;   1830.7151;    133.9504;      54.0;
869;27;   1813.7890;    155.9504;      54.0;
870;27;   1958.2300;    123.9504;      54.0;
871;27;   1917.8565;    131.8091;      54.0;
872;27;   1979.7014;    144.2447;      54.0;
873;27;   2041.4082;    153.5148;      54.0;
874;27;   1782.8797;    122.6677;      54.0;
875;27;   2110.6783;    137.2447;      54.0;
876;27;   1758.2352;    115.2447;      54.0;
877;27;   1766.1751;    113.2447;      54.0;
878;27;   2294.5369;    183.9504;      54.0;
879;27;   1594.8312;    124.3861;      54.0;
880;27;   1870.2542;    165.5148;      54.0;
881;27;   1813.3038;    174.5148;      54.0;
882;27;   1590.7774;    131.8217;      54.0;
883;27;   2007.4325;    130.3861;      54.0;
884;27;   1696.2373;    148.9504;      54.0;
885;27;   1647.9440;    140.3861;      54.0;
886;27;   1744.7827;    148.9504;      54.0;
887;27;   1883.6403;    158.9504;      54.0;
888;27;   1857.1128;    135.9504;      54.0;
889;27;   2178.1919;    153.3861;      54.0;
890;27;   2052.7563;    136.9504;      54.0;
891;27;   1958.2415;    158.9504;      54.0;
892;28;   2071.0759;    139.3861;      56.0;
893;28;   2020.2796;    160.9504;      56.0;
894;28;   1922.1256;    123.2194;      56.0;
895;28;   1914.6772;    135.2321;      56.0;
896;28;   1792.4335;    109.3861;      56.0;
897;28;   2170.7078;    149.2447;      56.0;
898;28;   2002.4441;    191.9504;      56.0;
899;28;   1919.1244;    181.3734;      56.0;
900;28;   1866.9852;    142.3861;      56.0;
901;28;   1984.6118;    140.2447;      56.0;
902;28;   1785.3417;    118.3861;      56.0;
903;28;   1766.7763;    178.5148;      56.0;
904;28;   2004.7827;    159.9504;      56.0;
905;28;   2092.8069;    137.8091;      56.0;
906;28;   1873.5369;    124.2447;      56.0;
907;28;   1788.9314;    129.3861;      56.0;
908;28;   1980.4441;    148.3861;      56.0;
909;28;   1996.6033;    132.3861;      56.0;
910;28;   1967.7689;    124.2447;      56.0;
911;28;   1875.4335;    131.8091;      56.0;
912;28;   1778.0095;    156.5148;      56.0;
913;28;   1738.1867;    130.9504;      56.0;
914;28;   1861.9842;    171.9504;      56.0;
915;28;   1520.8808;    130.9504;      56.0;
916;28;   1614.4947;    111.8217;      56.0;
917;28;   1647.3280;    123.2447;      56.0;
918;28;   2093.4241;    137.3861;      56.0;
919;28;   1889.6656;    123.8217;      56.0;
920;28;   1787.7763;    122.8217;      56.0;
921;28;   1852.6149;    145.9504;      56.0;
922;28;   2057.7943;    155.2447;      56.0;
923;28;   1855.9841;    149.3734;      56.0;
924;28;   1979.8681;    179.9504;      56.0;
925;29;   1854.1635;    130.9504;      58.0;
926;29;   2010.0369;    141.9504;      58.0;
927;29;   1785.7647;    103.2574;      58.0;
928;29;   1857.4198;    145.3861;      58.0;
929;29;   1956.3819;    137.3861;      58.0;
930;29;   1991.8807;    132.3861;      58.0;
931;29;   1648.4567;    107.2574;      58.0;
932;29;   2074.2162;    133.8091;      58.0;
933;29;   1924.9852;    122.2447;      58.0;
934;29;   1678.2130;    167.9504;      58.0;
935;29;   2019.4620;    150.8091;      58.0;
936;29;   1851.3692;    135.3734;      58.0;
937;29;   1802.6899;    146.9504;      58.0;
938;29;   1937.3702;    159.5021;      58.0;
939;29;   2012.7827;    125.9504;      58.0;
940;29;   1978.3702;    120.8217;      58.0;
941;29;   2025.3702;    112.1034;      58.0;
942;29;   2314.6286;    125.3861;      58.0;
943;29;   2009.6782;    186.5148;      58.0;
944;29;   1865.8069;    121.9504;      58.0;
945;29;   2065.2668;    166.5148;      58.0;
946;29;   2172.7943;    186.5148;      58.0;
947;29;   1868.3955;    146.9504;      58.0;
948;29;   2052.4757;    191.9504;      58.0;
949;29;   1792.8681;    115.2574;      58.0;
950;29;   2210.0643;    146.9504;      58.0;
951;29;   2105.3322;    174.9378;      58.0;
952;29;   1732.2130;    142.2447;      58.0;
953;29;   1993.4082;    167.9504;      58.0;
954;29;   2057.0021;    129.3861;      58.0;
955;29;   1822.8322;    143.9504;      58.0;
956;29;   1957.6898;    153.3861;      58.0;
957;29;   2067.1424;    133.9504;      58.0;
958;30;   2066.6403;    142.9504;      60.0;
959;30;   1899.4188;    125.3861;      60.0;
960;30;   2066.8428;    112.2447;      60.0;
961;30;   1839.5738;    135.9504;      60.0;
962;30;   1836.0622;    115.9504;      60.0;
963;30;   2111.0611;    146.9378;      60.0;
964;30;   1889.5242;    131.9504;      60.0;
965;30;   2084.8059;    130.9504;      60.0;
966;30;   2232.5527;    147.6677;      60.0;
967;30;   1992.2679;    166.9378;      60.0;
968;30;   2149.8354;    137.3861;      60.0;
969;30;   2194.5010;    128.3861;      60.0;
970;30;   1849.7141;    166.9504;      60.0;
971;30;   2077.9599;    151.3861;      60.0;
972;30;   1953.3576;    130.9504;      60.0;
973;30;   1908.1234;    143.6677;      60.0;
974;30;   2051.6666;    148.9504;      60.0;
975;30;   1745.4188;    122.8091;      60.0;
976;30;   2381.5147;    179.9504;      60.0;
977;30;   2067.9103;    157.9504;      60.0;
978;30;   1931.9356;    130.9504;      60.0;
979;30;   2275.2710;    170.9504;      60.0;
980;30;   2095.0749;    134.3977;      60.0;
981;30;   1953.6899;    121.3861;      60.0;
982;30;   2110.0505;    121.1034;      60.0;
983;30;   1972.7942;    186.5148;      60.0;
984;30;   2013.2014;    172.6551;      60.0;
985;30;   2182.9598;    142.3861;      60.0;
986;30;   2102.0643;    141.3861;      60.0;
987;30;   2139.0253;    139.3861;      60.0;
988;30;   1976.9841;    125.3861;      60.0;
989;30;   1858.1508;    158.9504;      60.0;
990;30;   2013.0653;    137.3861;      60.0;
991;31;   2125.1793;    141.9504;      62.0;
992;31;   2289.5516;    146.9504;      62.0;
993;31;   2110.1677;    109.3861;      62.0;
994;31;   2066.0506;    123.8217;      62.0;
995;31;   2073.9230;    142.3861;      62.0;
996;31;   2482.9398;    127.6677;      62.0;
997;31;   1755.7405;    141.3861;      62.0;
998;31;   1757.7131;    109.6804;      62.0;
999;31;   1942.7563;    108.8217;      62.0;
1000;31;   2014.8185;    150.2447;      62.0;
1001;31;   2084.1297;    149.9378;      62.0;
1002;31;   1894.1476;    106.2574;      62.0;
1003;31;   1696.9420;    112.9620;      62.0;
1004;31;   1818.2795;    115.8217;      62.0;
1005;31;   1988.3966;    131.3724;      62.0;
1006;31;   2018.9082;    117.9378;      62.0;
1007;31;   2039.3322;    137.2447;      62.0;
1008;31;   2218.3322;    124.9504;      62.0;
1009;31;   2325.4240;    179.9504;      62.0;
1010;31;   1902.2542;    141.9504;      62.0;
1011;31;   1967.5232;    128.3734;      62.0;
1012;31;   2055.6898;    142.9504;      62.0;
1013;31;   2320.8976;    149.2447;      62.0;
1014;31;   2166.0875;    178.5148;      62.0;
1015;31;   2226.1793;    142.6804;      62.0;
1016;31;   2679.4651;    168.8091;      62.0;
1017;31;   2031.7436;    130.9504;      62.0;
1018;31;   2106.3333;    154.7964;      62.0;
1019;31;   2400.0917;    157.3734;      62.0;
1020;31;   2326.3881;    155.9504;      62.0;
1021;31;   2356.3079;    132.9504;      62.0;
1022;31;   2071.0264;    109.8217;      62.0;
1023;31;   2445.6824;    158.9504;      62.0;
1024;32;   2101.7320;    134.9504;      64.0;
1025;32;   2296.8090;    134.9504;      64.0;
1026;32;   2139.3091;    107.8091;      64.0;
1027;32;   2289.2964;    153.3861;      64.0;
1028;32;   2342.7974;    134.8091;      64.0;
1029;32;   2266.1434;    154.9504;      64.0;
1030;32;   2008.6392;    115.2574;      64.0;
1031;32;   2369.1286;    138.3861;      64.0;
1032;32;   2049.1919;    117.3861;      64.0;
1033;32;   2128.5664;    135.3734;      64.0;
1034;32;   2370.5147;    153.9504;      64.0;
1035;32;   2029.6403;    121.8217;      64.0;
1036;32;   1944.8850;    179.7964;      64.0;
1037;32;   2366.3638;    127.9504;      64.0;
1038;32;   2062.7193;    171.9504;      64.0;
1039;32;   2154.1687;    133.8217;      64.0;
1040;32;   2135.5896;    149.2447;      64.0;
1041;32;   2193.7985;    133.3861;      64.0;
1042;32;   2560.9672;    161.9378;      64.0;
1043;32;   2021.3449;    149.3861;      64.0;
1044;32;   2497.9388;    167.9504;      64.0;
1045;32;   2324.2046;    140.3861;      64.0;
1046;32;   2087.7425;    138.6677;      64.0;
1047;32;   2220.5664;    147.9504;      64.0;
1048;32;   2060.9461;    116.5390;      64.0;
1049;32;   2176.8469;    141.3861;      64.0;
1050;32;   2247.6941;    153.9504;      64.0;
1051;32;   2349.9768;    153.3861;      64.0;
1052;32;   2320.6930;    161.3861;      64.0;
1053;32;   2038.8354;    126.3734;      64.0;
1054;32;   1934.0875;    125.3861;      64.0;
1055;32;   2537.7721;    162.8091;      64.0;
1056;32;   2142.5527;    130.3861;      64.0;
1057;33;   2333.3998;    157.3734;      66.0;
1058;33;   2241.8353;    138.6677;      66.0;
1059;33;   2053.2795;    115.2574;      66.0;
1060;33;   2102.3069;    127.2321;      66.0;
1061;33;   2564.9388;    126.2574;      66.0;
1062;33;   2637.7352;    139.9504;      66.0;
1063;33;   2440.6697;    144.3734;      66.0;
1064;33;   2621.7352;    147.3734;      66.0;
1065;33;   2239.0010;    140.3861;      66.0;
1066;33;   1830.4187;    114.9747;      66.0;
1067;33;   1989.6645;    137.3861;      66.0;
1068;33;   2252.1171;    137.3861;      66.0;
1069;33;   1923.6275;    135.9504;      66.0;
1070;33;   2225.7858;    127.3861;      66.0;
1071;33;   2016.7014;    124.2447;      66.0;
1072;33;   2267.9768;    143.9378;      66.0;
1073;33;   2113.5517;    132.2447;      66.0;
1074;33;   2238.6550;    163.3734;      66.0;
1075;33;   1880.3070;    179.3608;      66.0;
1076;33;   2345.0021;    128.8091;      66.0;
1077;33;   2384.8343;    135.9504;      66.0;
1078;33;   2220.1962;    126.7964;      66.0;
1079;33;   2212.2837;    136.2447;      66.0;
1080;33;   2431.7858;    145.1034;      66.0;
1081;33;   2185.1286;    167.3734;      66.0;
1082;33;   2179.0126;    111.2447;      66.0;
1083;33;   2316.6624;    143.8091;      66.0;
1084;33;   2394.6149;    127.3861;      66.0;
1085;33;   2776.4166;    149.8091;      66.0;
1086;33;   2131.3333;    164.3861;      66.0;
1087;33;   2099.4609;    116.2447;      66.0;
1088;33;   2232.3871;    126.8091;      66.0;
1089;33;   2183.5274;    138.3861;      66.0;
1090;34;   2298.4366;    129.3861;      68.0;
1091;34;   2373.2214;    173.9504;      68.0;
1092;34;   2642.0190;    141.3861;      68.0;
1093;34;   2522.2616;    142.9504;      68.0;
1094;34;   2063.8734;    129.8217;      68.0;
1095;34;   2259.3227;    153.9504;      68.0;
1096;34;   2238.3881;    160.9504;      68.0;
1097;34;   2270.9388;    119.9504;      68.0;
1098;34;   2507.3723;    152.6677;      68.0;
1099;34;   2203.4778;    133.2447;      68.0;
1100;34;   2449.3744;    134.3734;      68.0;
1101;34;   2233.9873;    136.9504;      68.0;
1102;34;   2196.6909;    130.3861;      68.0;
1103;34;   2455.6434;    140.3861;      68.0;
1104;34;   2252.0136;    167.9504;      68.0;
1105;34;   2060.0390;    136.9504;      68.0;
1106;34;   2456.1951;    149.8091;      68.0;
1107;34;   2174.3692;    143.8217;      68.0;
1108;34;   2313.6814;    133.3734;      68.0;
1109;34;   2256.4240;    131.9504;      68.0;
1110;34;   2295.2089;    124.3861;      68.0;
1111;34;   2409.3122;    113.2447;      68.0;
1112;34;   2432.8354;    133.2447;      68.0;
1113;34;   2276.1033;    134.9504;      68.0;
1114;34;   2394.7721;    134.9504;      68.0;
1115;34;   2337.3976;    130.9504;      68.0;
1116;34;   2194.0274;    179.9504;      68.0;
1117;34;   2164.0906;    127.5264;      68.0;
1118;34;   2382.8101;    147.9504;      68.0;
1119;34;   2046.6255;    123.8217;      68.0;
1120;34;   2317.2721;    111.2447;      68.0;
1121;34;   2456.7858;    166.5148;      68.0;
1122;34;   2214.2573;    158.9504;      68.0;
1123;35;   2639.9661;    134.9504;      70.0;
1124;35;   2653.2363;    149.2447;      70.0;
1125;35;   2225.9271;    141.9504;      70.0;
1126;35;   2472.4662;    162.5148;      70.0;
1127;35;   2287.6012;    136.3861;      70.0;
1128;35;   2314.8343;    146.9504;      70.0;
1129;35;   2239.7984;    136.9504;      70.0;
1130;35;   2318.9515;    137.2447;      70.0;
1131;35;   2685.4767;    193.3608;      70.0;
1132;35;   2622.7109;    138.2321;      70.0;
1133;35;   2537.3734;    138.8091;      70.0;
1134;35;   2436.3575;    131.2437;      70.0;
1135;35;   2355.3618;    141.2321;      70.0;
1136;35;   2528.1603;    124.8091;      70.0;
1137;35;   2522.3639;    142.3861;      70.0;
1138;35;   2386.7827;    142.2447;      70.0;
1139;35;   2375.3375;    147.9504;      70.0;
1140;35;   2415.7995;    147.9504;      70.0;
1141;35;   2273.1961;    135.3861;      70.0;
1142;35;   2004.9704;    138.6677;      70.0;
1143;35;   2290.7595;    130.9504;      70.0;
1144;35;   2361.7742;    157.5021;      70.0;
1145;35;   2444.5285;    167.9504;      70.0;
1146;35;   2134.5896;    144.8091;      70.0;
1147;35;   2278.6803;    180.9378;      70.0;
1148;35;   2347.4240;    130.9504;      70.0;
1149;35;   2208.2162;    105.2574;      70.0;
1150;35;   1972.7542;    148.3861;      70.0;
1151;35;   2017.3322;    123.9504;      70.0;
1152;35;   2348.6794;    146.2321;      70.0;
1153;35;   2483.6930;    154.3608;      70.0;
1154;35;   2545.6307;    158.9504;      70.0;
1155;35;   2372.3881;    157.9504;      70.0;
1156;36;   2324.5517;    152.3861;      72.0;
1157;36;   2475.1466;    134.3734;      72.0;
1158;36;   2544.0411;    148.2447;      72.0;
1159;36;   2521.9630;    137.9504;      72.0;
1160;36;   2235.2068;    154.3608;      72.0;
1161;36;   2750.5569;    154.9504;      72.0;
1162;36;   2195.5158;    133.3734;      72.0;
1163;36;   2417.9134;    147.3861;      72.0;
1164;36;   2458.4894;    138.2447;      72.0;
1165;36;   2442.5538;    191.9504;      72.0;
1166;36;   2686.9683;    166.5148;      72.0;
1167;36;   2694.1582;    167.9504;      72.0;
1168;36;   2517.0548;    137.8091;      72.0;
1169;36;   2489.8660;    132.3861;      72.0;
1170;36;   2727.4166;    162.5148;      72.0;
1171;36;   2665.9747;    141.5264;      72.0;
1172;36;   2220.1297;    123.8217;      72.0;
1173;36;   2236.6191;    144.9504;      72.0;
1174;36;   2447.0674;    141.9504;      72.0;
1175;36;   2617.2373;    126.3734;      72.0;
1176;36;   2597.3111;    164.3861;      72.0;
1177;36;   2418.9250;    131.3861;      72.0;
1178;36;   2619.5031;    154.5148;      72.0;
1179;36;   2072.2531;    131.9504;      72.0;
1180;36;   2745.8027;    154.2321;      72.0;
1181;36;   2414.7605;    120.1160;      72.0;
1182;36;   2647.4525;    131.9378;      72.0;
1183;36;   2375.0928;    156.9504;      72.0;
1184;36;   2317.6076;    139.3861;      72.0;
1185;36;   2265.1698;    116.8091;      72.0;
1186;36;   2551.2077;    145.9504;      72.0;
1187;36;   2664.9683;    130.9504;      72.0;
1188;36;   2658.8534;    135.3861;      72.0;
1189;37;   2527.9377;    140.2321;      74.0;
1190;37;   2536.8755;    153.3861;      74.0;
1191;37;   2445.8903;    141.9504;      74.0;
1192;37;   2277.0918;    154.8217;      74.0;
1193;37;   2390.7120;    149.3861;      74.0;
1194;37;   2394.6318;    154.5148;      74.0;
1195;37;   2543.7362;    131.8217;      74.0;
1196;37;   2620.2131;    126.2574;      74.0;
1197;37;   3058.0590;    174.5148;      74.0;
1198;37;   2686.7077;    186.3734;      74.0;
1199;37;   2653.3796;    174.5148;      74.0;
1200;37;   2188.8449;    145.3734;      74.0;
1201;37;   2566.9261;    155.2321;      74.0;
1202;37;   2165.4367;    114.2574;      74.0;
1203;37;   2440.7467;    149.3734;      74.0;
1204;37;   2360.0791;    109.2574;      74.0;
1205;37;   2827.0041;    147.9504;      74.0;
1206;37;   2557.8628;    155.9504;      74.0;
1207;37;   2666.4536;    123.8217;      74.0;
1208;37;   2404.0537;    125.9504;      74.0;
1209;37;   2252.5643;    122.2447;      74.0;
1210;37;   2604.3418;    137.3861;      74.0;
1211;37;   2527.9600;    172.9378;      74.0;
1212;37;   2642.8755;    141.3734;      74.0;
1213;37;   2387.5537;    129.9504;      74.0;
1214;37;   2587.7204;    150.2447;      74.0;
1215;37;   2440.7478;    174.5148;      74.0;
1216;37;   2809.3502;    137.3861;      74.0;
1217;37;   2626.4525;    147.2321;      74.0;
1218;37;   2329.2215;    146.9504;      74.0;
1219;37;   2661.7099;    158.9504;      74.0;
1220;37;   2555.3132;    149.3861;      74.0;
1221;37;   2264.2552;    121.8217;      74.0;
1222;38;   2636.1086;    133.9504;      76.0;
1223;38;   2230.0917;    168.9378;      76.0;
1224;38;   2528.5021;    143.3861;      76.0;
1225;38;   2860.9061;    150.3734;      76.0;
1226;38;   2555.0664;    153.3861;      76.0;
1227;38;   2478.2204;    129.3861;      76.0;
1228;38;   2393.6571;    109.2574;      76.0;
1229;38;   2512.6867;    123.2574;      76.0;
1230;38;   2732.5949;    171.9504;      76.0;
1231;38;   2891.2489;    158.9504;      76.0;
1232;38;   2436.2637;    167.9504;      76.0;
1233;38;   2779.8512;    136.6677;      76.0;
1234;38;   2789.9187;    141.6677;      76.0;
1235;38;   2213.0011;    119.2574;      76.0;
1236;38;   2591.6961;    139.3861;      76.0;
1237;38;   2513.6687;    132.3861;      76.0;
1238;38;   2740.7626;    179.9378;      76.0;
1239;38;   2634.1213;    142.3861;      76.0;
1240;38;   2468.7352;    134.9504;      76.0;
1241;38;   2479.8892;    130.9504;      76.0;
1242;38;   2533.4894;    131.8091;      76.0;
1243;38;   2906.0822;    179.9504;      76.0;
1244;38;   2672.6603;    156.5148;      76.0;
1245;38;   2391.6666;    122.3861;      76.0;
1246;38;   2675.8650;    146.9504;      76.0;
1247;38;   2768.2626;    125.2447;      76.0;
1248;38;   2462.0548;    149.8091;      76.0;
1249;38;   2636.8491;    146.9504;      76.0;
1250;38;   2715.8650;    135.3861;      76.0;
1251;38;   2474.1835;    153.9504;      76.0;
1252;38;   2695.6719;    132.2447;      76.0;
1253;38;   2627.9788;    112.8091;      76.0;
1254;38;   2871.6118;    136.8217;      76.0;
1255;39;   2634.8154;    132.8091;      78.0;
1256;39;   2504.5442;    166.5148;      78.0;
1257;39;   2640.5432;    142.3861;      78.0;
1258;39;   2577.6962;    142.9504;      78.0;
1259;39;   2635.8122;    165.7964;      78.0;
1260;39;   2850.7215;    137.3861;      78.0;
1261;39;   2800.3270;    147.9504;      78.0;
1262;39;   2465.1159;    163.3734;      78.0;
1263;39;   2441.6856;    149.3861;      78.0;
1264;39;   2426.5696;    135.3861;      78.0;
1265;39;   2389.0791;    175.3734;      78.0;
1266;39;   2698.3660;    148.3861;      78.0;
1267;39;   2677.1329;    173.0907;      78.0;
1268;39;   3084.7520;    179.9504;      78.0;
1269;39;   2795.5917;    166.5148;      78.0;
1270;39;   2693.1086;    129.9504;      78.0;
1271;39;   2713.5052;    145.9504;      78.0;
1272;39;   2706.1940;    148.9504;      78.0;
1273;39;   2449.5274;    156.5148;      78.0;
1274;39;   2633.6350;    125.3861;      78.0;
1275;39;   2447.0042;    174.5148;      78.0;
1276;39;   2743.8891;    145.8091;      78.0;
1277;39;   2769.9779;    168.7964;      78.0;
1278;39;   2510.2995;    170.3734;      78.0;
1279;39;   2609.5548;    141.3861;      78.0;
1280;39;   2968.6213;    131.3734;      78.0;
1281;39;   2326.9261;    129.3861;      78.0;
1282;39;   2890.7647;    137.3861;      78.0;
1283;39;   2639.8249;    125.3734;      78.0;
1284;39;   2533.9367;    149.8091;      78.0;
1285;39;   2417.1698;    127.9504;      78.0;
1286;39;   2762.6592;    178.5148;      78.0;
1287;39;   2968.1371;    174.5148;      78.0;
1288;40;   2665.4409;    138.3734;      80.0;
1289;40;   2620.5189;    134.5264;      80.0;
1290;40;   3037.4578;    140.3861;      80.0;
1291;40;   2314.6297;    142.9504;      80.0;
1292;40;   2809.5073;    143.2447;      80.0;
1293;40;   2655.2235;    112.8091;      80.0;
1294;40;   3065.5980;    129.3861;      80.0;
1295;40;   2660.1075;    118.8091;      80.0;
1296;40;   2684.8123;    179.9504;      80.0;
1297;40;   2907.8185;    133.9504;      80.0;
1298;40;   2988.4831;    133.3861;      80.0;
1299;40;   2808.4156;    116.2574;      80.0;
1300;40;   2870.5453;    119.2574;      80.0;
1301;40;   2474.6181;    152.3861;      80.0;
1302;40;   2772.9419;    174.5148;      80.0;
1303;40;   2673.1328;    148.8091;      80.0;
1304;40;   2636.9546;    133.6677;      80.0;
1305;40;   2796.6909;    116.8091;      80.0;
1306;40;   2637.9778;    141.9504;      80.0;
1307;40;   2914.6613;    167.3734;      80.0;
1308;40;   2646.0337;    157.9504;      80.0;
1309;40;   2789.3903;    116.2574;      80.0;
1310;40;   2705.8017;    138.8091;      80.0;
1311;40;   2414.9673;    141.3861;      80.0;
1312;40;   2589.1213;    141.9504;      80.0;
1313;40;   2517.9229;    141.3861;      80.0;
1314;40;   2577.8649;    134.8217;      80.0;
1315;40;   2779.6593;    143.9378;      80.0;
1316;40;   2921.0601;    152.3861;      80.0;
1317;40;   2598.5073;    129.3861;      80.0;
1318;40;   2700.6782;    141.3861;      80.0;
1319;40;   2783.0823;    145.6677;      80.0;
1320;40;   2727.8132;    133.6677;      80.0;
