1;1;     16.8284;     16.8284;       2.0;
2;1;     10.0000;     10.0000;       2.0;
3;1;     24.8284;     24.8284;       2.0;
4;1;     20.8284;     20.8284;       2.0;
5;1;     14.0000;     14.0000;       2.0;
6;1;     18.8284;     18.8284;       2.0;
7;1;      4.0000;      4.0000;       2.0;
8;1;     28.8284;     28.8284;       2.0;
9;1;     28.0000;     28.0000;       2.0;
10;1;     28.0000;     28.0000;       2.0;
11;1;     20.0000;     20.0000;       2.0;
12;1;      2.0000;      2.0000;       2.0;
13;1;     26.8284;     26.8284;       2.0;
14;1;     20.0000;     20.0000;       2.0;
15;1;     18.8284;     18.8284;       2.0;
16;1;     22.0000;     22.0000;       2.0;
17;1;      8.0000;      8.0000;       2.0;
18;1;     12.8284;     12.8284;       2.0;
19;1;     16.8284;     16.8284;       2.0;
20;1;     18.8284;     18.8284;       2.0;
21;1;     20.8284;     20.8284;       2.0;
22;1;      4.8284;      4.8284;       2.0;
23;1;     10.8284;     10.8284;       2.0;
24;1;      2.0000;      2.0000;       2.0;
25;1;     20.0000;     20.0000;       2.0;
26;1;     28.8284;     28.8284;       2.0;
27;1;     22.8284;     22.8284;       2.0;
28;1;      2.0000;      2.0000;       2.0;
29;1;     14.0000;     14.0000;       2.0;
30;1;      4.8284;      4.8284;       2.0;
31;1;      6.8284;      6.8284;       2.0;
32;1;     32.8284;     32.8284;       2.0;
33;1;     28.0000;     28.0000;       2.0;
34;2;     42.8284;     24.0000;       4.0;
35;2;     50.8284;     28.0000;       4.0;
36;2;     40.0000;     28.0000;       4.0;
37;2;     14.0000;     10.0000;       4.0;
38;2;     50.8284;     30.0000;       4.0;
39;2;     36.8284;     26.8284;       4.0;
40;2;     30.8284;     24.8284;       4.0;
41;2;     26.0000;     14.0000;       4.0;
42;2;     36.8587;     26.8587;       4.0;
43;2;     35.6569;     24.8284;       4.0;
44;2;     50.8284;     28.0000;       4.0;
45;2;     46.8284;     26.8284;       4.0;
46;2;     41.6569;     32.8284;       4.0;
47;2;     61.6569;     32.8284;       4.0;
48;2;     21.6569;     16.8284;       4.0;
49;2;     34.8284;     18.0000;       4.0;
50;2;     33.6569;     18.8284;       4.0;
51;2;     48.8284;     28.0000;       4.0;
52;2;     14.8284;      8.8284;       4.0;
53;2;     26.0000;     20.0000;       4.0;
54;2;     38.8284;     28.8284;       4.0;
55;2;     14.8284;     10.8284;       4.0;
56;2;     22.8284;     18.0000;       4.0;
57;2;     20.8284;     14.8284;       4.0;
58;2;     28.8284;     22.8284;       4.0;
59;2;     53.3439;     30.5155;       4.0;
60;2;     45.6569;     24.8284;       4.0;
61;2;     28.8284;     26.8284;       4.0;
62;2;     46.8284;     26.0000;       4.0;
63;2;     36.8284;     22.8284;       4.0;
64;2;     27.6569;     16.8284;       4.0;
65;2;     34.8284;     24.8284;       4.0;
66;2;     38.8284;     24.8284;       4.0;
67;3;     42.8284;     24.8284;       6.0;
68;3;     60.5155;     37.6871;       6.0;
69;3;     37.6569;     16.8284;       6.0;
70;3;     38.8284;     18.0000;       6.0;
71;3;     40.8284;     24.0000;       6.0;
72;3;     40.8284;     24.8284;       6.0;
73;3;     54.0000;     30.0000;       6.0;
74;3;     67.6569;     36.8284;       6.0;
75;3;     45.6569;     24.8284;       6.0;
76;3;     46.8284;     20.8284;       6.0;
77;3;     24.0000;     20.0000;       6.0;
78;3;     73.3439;     33.6871;       6.0;
79;3;     51.6569;     24.8284;       6.0;
80;3;     89.6569;     38.8284;       6.0;
81;3;     52.4853;     24.8284;       6.0;
82;3;     68.5155;     24.8587;       6.0;
83;3;     56.8587;     30.8587;       6.0;
84;3;     62.8284;     34.0000;       6.0;
85;3;     46.8284;     34.0000;       6.0;
86;3;     52.4853;     26.8284;       6.0;
87;3;     62.8284;     22.8284;       6.0;
88;3;     46.8284;     18.8284;       6.0;
89;3;     60.4853;     24.8284;       6.0;
90;3;     40.0000;     20.0000;       6.0;
91;3;     32.8284;     20.0000;       6.0;
92;3;     61.6569;     32.8284;       6.0;
93;3;     36.8284;     18.0000;       6.0;
94;3;     82.4853;     30.8284;       6.0;
95;3;     47.6569;     26.8284;       6.0;
96;3;     57.6569;     22.8284;       6.0;
97;3;     12.0000;      8.0000;       6.0;
98;3;     28.8284;     20.8284;       6.0;
99;3;     64.5155;     33.6871;       6.0;
100;4;     95.3137;     30.8284;       8.0;
101;4;     82.1421;     25.6569;       8.0;
102;4;    115.6569;     32.8284;       8.0;
103;4;     88.1724;     32.5155;       8.0;
104;4;     77.6569;     28.8284;       8.0;
105;4;     58.8284;     26.8284;       8.0;
106;4;     95.6569;     26.0000;       8.0;
107;4;     94.4853;     30.0000;       8.0;
108;4;     53.3439;     20.5155;       8.0;
109;4;     68.4853;     24.8284;       8.0;
110;4;     67.6569;     24.8284;       8.0;
111;4;     96.4853;     44.8284;       8.0;
112;4;    108.4853;     32.8284;       8.0;
113;4;     72.4853;     30.8284;       8.0;
114;4;     92.4853;     34.0000;       8.0;
115;4;    118.4853;     32.8284;       8.0;
116;4;     85.6569;     32.0000;       8.0;
117;4;     80.0000;     32.0000;       8.0;
118;4;     42.0000;     30.0000;       8.0;
119;4;     63.3137;     24.8284;       8.0;
120;4;     94.5155;     30.8284;       8.0;
121;4;    106.4853;     40.8284;       8.0;
122;4;     77.6569;     32.0000;       8.0;
123;4;     95.3439;     28.0000;       8.0;
124;4;     82.4853;     24.8284;       8.0;
125;4;     97.3137;     32.8284;       8.0;
126;4;     72.4853;     32.8284;       8.0;
127;4;     84.4853;     28.8284;       8.0;
128;4;    117.3137;     32.0000;       8.0;
129;4;     88.4853;     28.8284;       8.0;
130;4;     73.3137;     33.6569;       8.0;
131;4;     52.0000;     24.0000;       8.0;
132;4;    100.5457;     43.6871;       8.0;
133;5;     81.3439;     22.8284;      10.0;
134;5;     99.0008;     30.8284;      10.0;
135;5;     76.5155;     30.8284;      10.0;
136;5;    107.3137;     26.8284;      10.0;
137;5;     53.6569;     22.8284;      10.0;
138;5;    109.3439;     28.8587;      10.0;
139;5;     86.0000;     30.0000;      10.0;
140;5;     59.6871;     26.8284;      10.0;
141;5;     73.6569;     22.8284;      10.0;
142;5;     90.4853;     24.0000;      10.0;
143;5;     66.4853;     18.8284;      10.0;
144;5;         NaN;         NaN;      10.0;
145;5;     76.4853;     30.8284;      10.0;
146;5;         NaN;         NaN;      10.0;
147;5;     86.4853;     24.8284;      10.0;
148;5;    100.1421;     37.6569;      10.0;
149;5;     88.4853;     22.8284;      10.0;
150;5;     91.3137;     22.8284;      10.0;
151;5;    110.4853;     27.6569;      10.0;
152;5;     55.6569;     20.0000;      10.0;
153;5;     98.1421;     26.8284;      10.0;
154;5;     86.8284;     24.0000;      10.0;
155;5;     65.6569;     24.8284;      10.0;
156;5;     83.6569;     30.0000;      10.0;
157;5;    108.5155;     35.6871;      10.0;
158;5;    100.8284;     30.0000;      10.0;
159;5;         NaN;         NaN;      10.0;
160;5;     76.4853;     28.8284;      10.0;
161;5;    119.4044;     30.8284;      10.0;
162;5;     82.4853;     34.0000;      10.0;
163;5;     79.6569;     26.8284;      10.0;
164;5;     78.8284;     24.0000;      10.0;
165;5;     69.3137;     24.8284;      10.0;
166;6;    160.1421;     34.8284;      12.0;
167;6;    154.4853;     44.0000;      12.0;
168;6;    105.6569;     38.0000;      12.0;
169;6;    151.0310;     48.5457;      12.0;
170;6;    150.1724;     32.8284;      12.0;
171;6;    132.1724;     30.5155;      12.0;
172;6;    130.1421;     34.8284;      12.0;
173;6;    140.3447;     41.6871;      12.0;
174;6;    114.1421;     26.0000;      12.0;
175;6;    145.0008;     38.8284;      12.0;
176;6;    144.1724;     33.6871;      12.0;
177;6;     98.8284;     32.8284;      12.0;
178;6;    129.0008;     37.3439;      12.0;
179;6;    139.8292;     33.6569;      12.0;
180;6;    134.1421;     36.8284;      12.0;
181;6;    148.4853;     36.0000;      12.0;
182;6;    115.6569;     28.8284;      12.0;
183;6;    148.4853;     34.8284;      12.0;
184;6;    157.8292;     36.8284;      12.0;
185;6;    164.1421;     36.8284;      12.0;
186;6;    101.3137;     22.8284;      12.0;
187;6;    134.1421;     34.8284;      12.0;
188;6;    116.1421;     28.8284;      12.0;
189;6;     85.6569;     26.0000;      12.0;
190;6;    120.1724;     34.8284;      12.0;
191;6;    103.3137;     20.8284;      12.0;
192;6;    131.3137;     28.8284;      12.0;
193;6;    122.1421;     26.8284;      12.0;
194;6;    150.1421;     36.8284;      12.0;
195;6;     97.3137;     32.8284;      12.0;
196;6;    114.4853;     28.0000;      12.0;
197;6;    102.4853;     22.8284;      12.0;
198;6;    152.2026;     49.6871;      12.0;
199;7;    130.2328;     29.7173;      14.0;
200;7;    142.4853;     42.8284;      14.0;
201;7;    169.5465;     34.8284;      14.0;
202;7;    120.1724;     22.0000;      14.0;
203;7;    157.0008;     33.6569;      14.0;
204;7;    153.7990;     45.6569;      14.0;
205;7;    173.0008;     37.3439;      14.0;
206;7;    131.3439;     42.0000;      14.0;
207;7;    135.6569;     32.0000;      14.0;
208;7;    176.4853;     36.0000;      14.0;
209;7;    139.3137;     36.8284;      14.0;
210;7;    149.6569;     28.0000;      14.0;
211;7;    156.2026;     40.8587;      14.0;
212;7;    147.3439;     35.6569;      14.0;
213;7;    194.9706;     32.8284;      14.0;
214;7;    176.1421;     40.8284;      14.0;
215;7;    158.1421;     46.8284;      14.0;
216;7;    149.3439;     34.0000;      14.0;
217;7;    134.1421;     28.8284;      14.0;
218;7;    156.5155;     28.0000;      14.0;
219;7;    176.3749;     46.5155;      14.0;
220;7;    160.9706;     34.8284;      14.0;
221;7;    172.2026;     41.6871;      14.0;
222;7;    128.9706;     26.8284;      14.0;
223;7;    106.1421;     29.6569;      14.0;
224;7;    196.1421;     36.8284;      14.0;
225;7;    161.7990;     33.6569;      14.0;
226;7;    124.8284;     34.0000;      14.0;
227;7;    131.3137;     22.8284;      14.0;
228;7;    165.4558;     41.6569;      14.0;
229;7;    152.1421;     36.8284;      14.0;
230;7;    128.2026;     22.8587;      14.0;
231;7;    124.5155;     26.8284;      14.0;
232;8;    185.0008;     30.8284;      16.0;
233;8;    142.2328;     40.8587;      16.0;
234;8;    187.3137;     40.8284;      16.0;
235;8;    196.9706;     47.6569;      16.0;
236;8;    141.0310;     40.8284;      16.0;
237;8;    177.3137;     38.8284;      16.0;
238;8;    171.8292;     34.8587;      16.0;
239;8;    192.9706;     36.8284;      16.0;
240;8;    144.1421;     30.8284;      16.0;
241;8;    160.1724;     30.8587;      16.0;
242;8;    156.1724;     42.8284;      16.0;
243;8;    205.3439;     34.0000;      16.0;
244;8;    171.6569;     28.0000;      16.0;
245;8;    195.8292;     35.6871;      16.0;
246;8;    155.3439;     30.8284;      16.0;
247;8;    139.8292;     31.6871;      16.0;
248;8;    175.3439;     32.8284;      16.0;
249;8;    168.9706;     38.8284;      16.0;
250;8;    177.3439;     36.0000;      16.0;
251;8;    144.2026;     36.8284;      16.0;
252;8;    191.1731;     40.5155;      16.0;
253;8;    185.3137;     38.8284;      16.0;
254;8;    185.3137;     30.8284;      16.0;
255;8;    192.1421;     32.8284;      16.0;
256;8;    165.1217;     42.5760;      16.0;
257;8;    192.1724;     40.0000;      16.0;
258;8;    192.1421;     30.8284;      16.0;
259;8;    151.3137;     36.8284;      16.0;
260;8;    200.1421;     40.8284;      16.0;
261;8;    206.6274;     35.6569;      16.0;
262;8;    172.6576;     34.8284;      16.0;
263;8;    151.3137;     24.8284;      16.0;
264;8;    181.8292;     38.5155;      16.0;
265;9;    161.3137;     24.0000;      18.0;
266;9;    179.7990;     33.6569;      18.0;
267;9;    209.0008;     31.6871;      18.0;
268;9;    233.8292;     40.8284;      18.0;
269;9;    186.9706;     36.8284;      18.0;
270;9;    255.2034;     47.7173;      18.0;
271;9;    193.2034;     43.6871;      18.0;
272;9;    222.9706;     38.8284;      18.0;
273;9;    268.8904;     59.0612;      18.0;
274;9;    244.6879;     44.0000;      18.0;
275;9;    252.4656;     49.4044;      18.0;
276;9;    196.3749;     41.6569;      18.0;
277;9;    230.1421;     44.8284;      18.0;
278;9;    227.7990;     34.8284;      18.0;
279;9;    165.0008;     30.8587;      18.0;
280;9;    152.1724;     28.0000;      18.0;
281;9;    239.7990;     36.8284;      18.0;
282;9;    227.3137;     40.0000;      18.0;
283;9;    184.9706;     32.8284;      18.0;
284;9;    203.0310;     30.0000;      18.0;
285;9;    252.9706;     46.0000;      18.0;
286;9;    198.8904;     55.3439;      18.0;
287;9;    203.7990;     35.6569;      18.0;
288;9;    187.0310;     30.8587;      18.0;
289;9;    233.8594;     38.0000;      18.0;
290;9;    205.4861;     37.6871;      18.0;
291;9;    208.3855;     35.0915;      18.0;
292;9;    204.9706;     36.8284;      18.0;
293;9;    305.5465;     62.5155;      18.0;
294;9;    179.8292;     33.6871;      18.0;
295;9;    207.7990;     36.8284;      18.0;
296;9;    236.9706;     38.0000;      18.0;
297;9;    184.5155;     40.0000;      18.0;
298;10;    282.0620;     49.6871;      20.0;
299;10;    230.9706;     36.8284;      20.0;
300;10;    253.8594;     42.8284;      20.0;
301;10;    242.9706;     33.6569;      20.0;
302;10;    234.9706;     32.8284;      20.0;
303;10;    221.7990;     34.8284;      20.0;
304;10;    190.1421;     32.0000;      20.0;
305;10;    288.0620;     50.4853;      20.0;
306;10;    170.2026;     34.5457;      20.0;
307;10;    250.7181;     40.0000;      20.0;
308;10;    276.2843;     47.6569;      20.0;
309;10;    234.3447;     44.8587;      20.0;
310;10;    230.6274;     36.8284;      20.0;
311;10;    256.1724;     46.0000;      20.0;
312;10;    239.4861;     39.3439;      20.0;
313;10;    237.0008;     36.5155;      20.0;
314;10;    246.3447;     43.6569;      20.0;
315;10;    212.6274;     34.8284;      20.0;
316;10;    235.4558;     37.6569;      20.0;
317;10;    241.8594;     39.6871;      20.0;
318;10;    228.6274;     38.8284;      20.0;
319;10;    189.5465;     37.6871;      20.0;
320;10;    197.5465;     36.5457;      20.0;
321;10;    268.2646;     46.5155;      20.0;
322;10;    221.5465;     43.4044;      20.0;
323;10;    239.2940;     41.7173;      20.0;
324;10;    191.5163;     36.8284;      20.0;
325;10;    257.0310;     46.8284;      20.0;
326;10;    268.0318;     41.3439;      20.0;
327;10;    239.5163;     46.5155;      20.0;
328;10;    187.8292;     26.8284;      20.0;
329;10;    213.0008;     43.3439;      20.0;
330;10;    254.4052;     39.6871;      20.0;
