1;1;    173.0717;    173.0717;       2.0;
2;1;    162.2778;    162.2778;       2.0;
3;1;    256.3631;    256.3631;       2.0;
4;1;    300.4092;    300.4092;       2.0;
5;1;    126.1163;    126.1163;       2.0;
6;1;    318.6322;    318.6322;       2.0;
7;1;    174.6325;    174.6325;       2.0;
8;1;    109.0413;    109.0413;       2.0;
9;1;    217.7343;    217.7343;       2.0;
10;1;    156.9451;    156.9451;       2.0;
11;1;    113.3027;    113.3027;       2.0;
12;1;    276.2367;    276.2367;       2.0;
13;1;    100.6686;    100.6686;       2.0;
14;1;    285.2779;    285.2779;       2.0;
15;1;    174.4329;    174.4329;       2.0;
16;1;    175.7244;    175.7244;       2.0;
17;1;     67.1708;     67.1708;       2.0;
18;1;    220.6280;    220.6280;       2.0;
19;1;    207.9409;    207.9409;       2.0;
20;1;    151.9544;    151.9544;       2.0;
21;1;    238.6614;    238.6614;       2.0;
22;1;    165.9098;    165.9098;       2.0;
23;1;     68.9321;     68.9321;       2.0;
24;1;     53.7972;     53.7972;       2.0;
25;1;    150.4735;    150.4735;       2.0;
26;1;    114.2106;    114.2106;       2.0;
27;1;    159.6871;    159.6871;       2.0;
28;1;    229.9253;    229.9253;       2.0;
29;1;    154.3267;    154.3267;       2.0;
30;1;    364.1799;    364.1799;       2.0;
31;1;    291.4485;    291.4485;       2.0;
32;1;    322.1160;    322.1160;       2.0;
33;1;    144.2629;    144.2629;       2.0;
34;1;    326.5662;    326.5662;       2.0;
35;1;    309.5883;    309.5883;       2.0;
36;1;    294.8260;    294.8260;       2.0;
37;1;    175.9968;    175.9968;       2.0;
38;1;    109.5775;    109.5775;       2.0;
39;1;    186.7377;    186.7377;       2.0;
40;1;    191.6930;    191.6930;       2.0;
41;1;    225.6221;    225.6221;       2.0;
42;1;    416.9071;    416.9071;       2.0;
43;1;    289.3936;    289.3936;       2.0;
44;2;    383.4804;    310.1946;       4.0;
45;2;    452.5371;    315.5954;       4.0;
46;2;    408.9510;    256.3631;       4.0;
47;2;    442.7233;    290.6054;       4.0;
48;2;    778.2124;    431.8780;       4.0;
49;2;    357.1927;    328.6404;       4.0;
50;2;    457.9732;    262.3664;       4.0;
51;2;    253.3758;    133.1351;       4.0;
52;2;    408.1686;    257.6950;       4.0;
53;2;    526.2171;    268.4208;       4.0;
54;2;     81.5622;     49.6617;       4.0;
55;2;    640.6950;    395.8557;       4.0;
56;2;    266.3801;    172.8086;       4.0;
57;2;    257.8470;    169.4261;       4.0;
58;2;    408.8829;    270.0711;       4.0;
59;2;    608.9809;    317.0692;       4.0;
60;2;    272.3673;    163.3260;       4.0;
61;2;    585.9491;    333.8238;       4.0;
62;2;    399.1474;    326.5509;       4.0;
63;2;    117.2344;     85.0087;       4.0;
64;2;    366.8755;    296.1003;       4.0;
65;2;    618.4312;    336.1484;       4.0;
66;2;    622.6047;    381.7352;       4.0;
67;2;    482.6624;    467.1714;       4.0;
68;2;    574.6035;    360.1002;       4.0;
69;2;    359.2143;    249.5188;       4.0;
70;2;    336.8805;    272.6516;       4.0;
71;2;    417.6656;    262.5671;       4.0;
72;2;    306.6784;    213.2659;       4.0;
73;2;    360.0139;    276.3571;       4.0;
74;2;    395.9483;    279.4823;       4.0;
75;2;    277.5502;    153.6829;       4.0;
76;2;    404.3650;    379.4855;       4.0;
77;2;    282.8159;    224.0752;       4.0;
78;2;    217.2357;    132.9542;       4.0;
79;2;    302.5440;    232.9775;       4.0;
80;2;    507.5693;    283.4941;       4.0;
81;2;    591.6786;    383.2328;       4.0;
82;2;    409.3532;    300.3754;       4.0;
83;2;    583.6883;    396.6304;       4.0;
84;2;    297.6792;    178.2704;       4.0;
85;2;    404.0121;    355.7041;       4.0;
86;2;    481.6075;    288.0535;       4.0;
87;3;    453.2497;    254.7012;       6.0;
88;3;    631.3538;    390.7571;       6.0;
89;3;    959.6142;    380.3887;       6.0;
90;3;    612.3187;    248.2423;       6.0;
91;3;    448.2047;    308.1454;       6.0;
92;3;    849.0360;    306.9346;       6.0;
93;3;    579.5691;    288.5015;       6.0;
94;3;    780.9096;    304.7093;       6.0;
95;3;    984.7244;    437.6788;       6.0;
96;3;    598.8240;    367.7976;       6.0;
97;3;    773.8877;    299.2658;       6.0;
98;3;    788.2235;    334.1203;       6.0;
99;3;    416.5050;    199.8164;       6.0;
100;3;    572.9417;    222.7136;       6.0;
101;3;    716.4895;    402.8621;       6.0;
102;3;    693.5840;    387.9816;       6.0;
103;3;    739.0481;    345.8093;       6.0;
104;3;   1066.9308;    381.7352;       6.0;
105;3;    693.3632;    285.6266;       6.0;
106;3;    488.6423;    235.9804;       6.0;
107;3;    732.6261;    317.6083;       6.0;
108;3;    551.4041;    347.3272;       6.0;
109;3;    534.9311;    199.1444;       6.0;
110;3;    667.1590;    367.3599;       6.0;
111;3;    787.2926;    370.6136;       6.0;
112;3;    454.5672;    347.5681;       6.0;
113;3;    448.0431;    279.9288;       6.0;
114;3;    349.4024;    201.8804;       6.0;
115;3;    588.6911;    334.1203;       6.0;
116;3;    886.3062;    367.4033;       6.0;
117;3;    413.0106;    190.2881;       6.0;
118;3;    756.8821;    297.9324;       6.0;
119;3;    301.3752;    144.0576;       6.0;
120;3;    464.8198;    265.0492;       6.0;
121;3;    575.9561;    397.6395;       6.0;
122;3;    239.6552;    128.1771;       6.0;
123;3;    453.0377;    182.1745;       6.0;
124;3;    945.8353;    356.8292;       6.0;
125;3;    798.5610;    332.4168;       6.0;
126;3;    681.1913;    376.0337;       6.0;
127;3;   1013.5040;    383.6271;       6.0;
128;3;    657.5044;    306.6734;       6.0;
129;3;    686.9521;    337.8280;       6.0;
130;4;    623.4864;    266.2305;       8.0;
131;4;    998.4258;    369.3492;       8.0;
132;4;    655.8599;    197.0002;       8.0;
133;4;   1028.2968;    367.4494;       8.0;
134;4;    961.8713;    416.2524;       8.0;
135;4;   1449.8246;    440.6504;       8.0;
136;4;    860.2456;    339.3888;       8.0;
137;4;   1000.8024;    377.3578;       8.0;
138;4;    480.9819;    268.1807;       8.0;
139;4;    656.8591;    265.5159;       8.0;
140;4;    736.6891;    230.7583;       8.0;
141;4;    970.8018;    398.4746;       8.0;
142;4;    270.9544;    146.9903;       8.0;
143;4;    871.4052;    334.4304;       8.0;
144;4;    971.9051;    439.9629;       8.0;
145;4;    975.1791;    353.3099;       8.0;
146;4;    845.9829;    280.4884;       8.0;
147;4;    929.4303;    397.7103;       8.0;
148;4;   1294.3511;    365.5086;       8.0;
149;4;    698.0456;    244.4961;       8.0;
150;4;    982.2611;    368.5746;       8.0;
151;4;    618.6302;    203.9386;       8.0;
152;4;    825.0898;    350.8179;       8.0;
153;4;    668.6409;    236.5272;       8.0;
154;4;    982.7225;    329.2272;       8.0;
155;4;    434.7934;    166.0774;       8.0;
156;4;    703.8299;    346.5866;       8.0;
157;4;   1031.4643;    353.1616;       8.0;
158;4;    579.1285;    236.5272;       8.0;
159;4;    599.3449;    241.4448;       8.0;
160;4;    994.7492;    325.8705;       8.0;
161;4;   1086.1645;    337.6989;       8.0;
162;4;   1301.0797;    403.2033;       8.0;
163;4;    977.3883;    450.9577;       8.0;
164;4;   1244.9649;    436.6814;       8.0;
165;4;    909.1020;    300.2585;       8.0;
166;4;    541.2519;    327.1602;       8.0;
167;4;    703.6763;    320.8131;       8.0;
168;4;    936.0795;    245.5862;       8.0;
169;4;   1046.1354;    439.6583;       8.0;
170;4;    744.9733;    240.5972;       8.0;
171;4;    696.1102;    231.1054;       8.0;
172;4;    866.7722;    395.8557;       8.0;
173;5;    798.6020;    281.7222;      10.0;
174;5;   1245.1670;    360.1002;      10.0;
175;5;   1031.7021;    297.5725;      10.0;
176;5;   1195.2206;    390.4495;      10.0;
177;5;   1008.3522;    296.0092;      10.0;
178;5;   1250.4231;    330.7031;      10.0;
179;5;   1088.7669;    336.9492;      10.0;
180;5;   1355.4730;    358.0018;      10.0;
181;5;    936.5767;    270.7905;      10.0;
182;5;    945.7711;    325.7021;      10.0;
183;5;    988.7674;    356.9882;      10.0;
184;5;   1155.4577;    286.9534;      10.0;
185;5;    762.0875;    279.7208;      10.0;
186;5;    983.0644;    279.2199;      10.0;
187;5;   1145.1062;    435.4876;      10.0;
188;5;   1063.7338;    368.3851;      10.0;
189;5;    692.2647;    280.9253;      10.0;
190;5;   1163.7421;    312.6705;      10.0;
191;5;   1375.4459;    407.4786;      10.0;
192;5;    895.7533;    331.2012;      10.0;
193;5;    997.7269;    265.1482;      10.0;
194;5;   1091.2856;    400.0656;      10.0;
195;5;   1044.5735;    336.8411;      10.0;
196;5;   1026.3005;    297.3800;      10.0;
197;5;    944.4493;    349.5216;      10.0;
198;5;   1235.8801;    298.6843;      10.0;
199;5;    952.6870;    443.0061;      10.0;
200;5;   1062.5841;    257.7958;      10.0;
201;5;   1283.1373;    412.5620;      10.0;
202;5;    792.1066;    302.9625;      10.0;
203;5;    751.3231;    204.0995;      10.0;
204;5;   1406.4356;    335.7797;      10.0;
205;5;   1138.7617;    284.6448;      10.0;
206;5;    907.3565;    228.8006;      10.0;
207;5;   1307.4942;    336.6904;      10.0;
208;5;   1641.0211;    389.7770;      10.0;
209;5;   1208.5702;    390.8374;      10.0;
210;5;    825.9161;    265.2677;      10.0;
211;5;   1195.7838;    340.6031;      10.0;
212;5;    530.0375;    211.9688;      10.0;
213;5;    673.9500;    341.1726;      10.0;
214;5;    906.4934;    355.9258;      10.0;
215;5;   1070.9691;    317.6496;      10.0;
216;6;   1392.1653;    411.3192;      12.0;
217;6;    989.6255;    285.8528;      12.0;
218;6;   1559.0774;    418.5661;      12.0;
219;6;   1274.8246;    319.6343;      12.0;
220;6;    835.5311;    281.9003;      12.0;
221;6;   1594.2338;    406.2692;      12.0;
222;6;   1231.5771;    355.7041;      12.0;
223;6;   1379.8649;    375.9639;      12.0;
224;6;   1282.0427;    280.9527;      12.0;
225;6;   1173.4242;    265.5959;      12.0;
226;6;   1175.8580;    381.3148;      12.0;
227;6;   1183.6451;    286.4100;      12.0;
228;6;   1370.6973;    396.6916;      12.0;
229;6;   1090.5035;    296.2725;      12.0;
230;6;   1351.8898;    353.3099;      12.0;
231;6;   1376.1068;    379.6824;      12.0;
232;6;   1636.9712;    336.5246;      12.0;
233;6;   1567.9807;    392.1569;      12.0;
234;6;   1618.5344;    375.0557;      12.0;
235;6;   1175.2416;    349.6912;      12.0;
236;6;   1454.0124;    338.7001;      12.0;
237;6;   1216.9087;    332.5520;      12.0;
238;6;   1361.9873;    389.9467;      12.0;
239;6;   1477.8080;    342.4342;      12.0;
240;6;   1518.2171;    444.8028;      12.0;
241;6;   1691.1913;    454.9415;      12.0;
242;6;   1393.6930;    394.4882;      12.0;
243;6;   1169.2195;    375.5201;      12.0;
244;6;   1687.5663;    388.9980;      12.0;
245;6;    859.3291;    298.4277;      12.0;
246;6;   1272.0124;    332.6446;      12.0;
247;6;   1025.0617;    295.8560;      12.0;
248;6;   1239.0707;    360.9843;      12.0;
249;6;   1300.4754;    317.0261;      12.0;
250;6;   1467.7295;    364.1799;      12.0;
251;6;   1493.7943;    379.6824;      12.0;
252;6;   1359.7837;    416.7736;      12.0;
253;6;   1126.5759;    358.1134;      12.0;
254;6;   1313.3234;    279.7208;      12.0;
255;6;   1339.3472;    357.6640;      12.0;
256;6;   1303.1582;    386.2032;      12.0;
257;6;   1077.8764;    285.0391;      12.0;
258;6;   1169.6222;    311.7076;      12.0;
259;7;   1073.2123;    325.9639;      14.0;
260;7;   1857.5413;    410.7468;      14.0;
261;7;   1558.1996;    366.5207;      14.0;
262;7;   1355.0689;    306.6734;      14.0;
263;7;   1609.9323;    381.7352;      14.0;
264;7;   1207.2700;    430.2085;      14.0;
265;7;   1410.4581;    317.5977;      14.0;
266;7;   2274.3058;    471.1885;      14.0;
267;7;   1402.5198;    320.2212;      14.0;
268;7;   1627.8948;    424.9055;      14.0;
269;7;   1278.3139;    325.7622;      14.0;
270;7;   1351.4803;    432.8408;      14.0;
271;7;   1724.1928;    390.7571;      14.0;
272;7;   1299.6561;    345.9144;      14.0;
273;7;   1715.9854;    375.0327;      14.0;
274;7;   1431.4881;    340.9149;      14.0;
275;7;   1086.6179;    257.2306;      14.0;
276;7;   1586.2000;    411.2105;      14.0;
277;7;   1562.7673;    391.6482;      14.0;
278;7;   1452.3190;    276.4954;      14.0;
279;7;   1692.9245;    415.6133;      14.0;
280;7;   1953.4855;    403.6974;      14.0;
281;7;   1698.0504;    456.6673;      14.0;
282;7;   1348.6854;    307.3725;      14.0;
283;7;   1396.5140;    367.7976;      14.0;
284;7;   1762.6607;    386.0131;      14.0;
285;7;   1094.4889;    305.5875;      14.0;
286;7;   1861.5719;    339.9687;      14.0;
287;7;   1171.5333;    266.2676;      14.0;
288;7;   1553.3337;    414.4444;      14.0;
289;7;   1096.0928;    250.1998;      14.0;
290;7;   1199.5771;    315.2056;      14.0;
291;7;   1517.0169;    396.2823;      14.0;
292;7;   1923.0758;    471.4302;      14.0;
293;7;   1242.8568;    361.5282;      14.0;
294;7;   1454.7418;    345.9783;      14.0;
295;7;   1634.0481;    347.6610;      14.0;
296;7;   1484.9196;    321.7580;      14.0;
297;7;   1689.1149;    354.8717;      14.0;
298;7;   1569.4976;    369.0884;      14.0;
299;7;   1451.9564;    336.4609;      14.0;
300;7;   1505.1283;    413.0518;      14.0;
301;7;   1642.3740;    335.1401;      14.0;
302;8;   1443.1882;    334.8309;      16.0;
303;8;   1663.0556;    434.3039;      16.0;
304;8;   1278.6628;    260.6531;      16.0;
305;8;   1379.2874;    269.3889;      16.0;
306;8;   1768.6032;    359.5174;      16.0;
307;8;   1746.5252;    354.8802;      16.0;
308;8;   1946.0956;    419.3986;      16.0;
309;8;   1997.1274;    392.2622;      16.0;
310;8;   1548.3204;    284.1620;      16.0;
311;8;   1571.1355;    338.5064;      16.0;
312;8;   1562.2423;    409.2880;      16.0;
313;8;   1757.0431;    439.9629;      16.0;
314;8;   1634.8844;    332.1884;      16.0;
315;8;   1587.5760;    400.0656;      16.0;
316;8;   1719.7769;    394.1156;      16.0;
317;8;   1174.5737;    232.5399;      16.0;
318;8;   1227.8530;    274.6477;      16.0;
319;8;   1829.5708;    303.4842;      16.0;
320;8;   1757.9678;    378.7533;      16.0;
321;8;   1564.8888;    429.9272;      16.0;
322;8;   1399.7332;    334.9177;      16.0;
323;8;   1724.1393;    321.6263;      16.0;
324;8;   2109.7908;    360.1002;      16.0;
325;8;   1927.7095;    386.9441;      16.0;
326;8;   1325.7500;    347.3272;      16.0;
327;8;   1316.5273;    297.8045;      16.0;
328;8;   1840.7630;    325.8528;      16.0;
329;8;   1617.7482;    360.0331;      16.0;
330;8;   1433.1469;    332.3521;      16.0;
331;8;   1402.2592;    297.7803;      16.0;
332;8;   2002.3523;    466.7300;      16.0;
333;8;   1419.6959;    364.5704;      16.0;
334;8;   1331.6934;    445.0407;      16.0;
335;8;   1683.3699;    339.3888;      16.0;
336;8;   1713.1619;    387.9992;      16.0;
337;8;   1996.9540;    390.3474;      16.0;
338;8;   1381.6727;    329.8372;      16.0;
339;8;   1983.2698;    418.2850;      16.0;
340;8;   1626.5331;    334.4573;      16.0;
341;8;   1487.6357;    368.4630;      16.0;
342;8;   2347.5007;    416.9071;      16.0;
343;8;   1830.0091;    350.5343;      16.0;
344;8;   1887.9181;    381.1827;      16.0;
345;9;   2207.6790;    413.4815;      18.0;
346;9;   1859.9542;    390.7571;      18.0;
347;9;   2005.6735;    380.5563;      18.0;
348;9;   1472.6075;    358.8682;      18.0;
349;9;   2044.5221;    369.1099;      18.0;
350;9;   1996.4793;    404.8951;      18.0;
351;9;   2130.7244;    384.5085;      18.0;
352;9;   2366.1023;    322.9200;      18.0;
353;9;   2093.8433;    313.9958;      18.0;
354;9;   2124.8828;    358.1134;      18.0;
355;9;   2535.1000;    462.3437;      18.0;
356;9;   2190.5731;    398.4746;      18.0;
357;9;   2144.4988;    446.0287;      18.0;
358;9;   1824.8884;    285.5067;      18.0;
359;9;   1845.8958;    320.0045;      18.0;
360;9;   1813.8472;    416.5671;      18.0;
361;9;   2309.7500;    435.6605;      18.0;
362;9;   1392.5775;    370.2574;      18.0;
363;9;   1956.3490;    454.5473;      18.0;
364;9;   1538.6125;    257.2239;      18.0;
365;9;   1968.4110;    395.8557;      18.0;
366;9;   2572.1594;    372.7079;      18.0;
367;9;   2196.5856;    354.9004;      18.0;
368;9;   1288.9325;    347.5578;      18.0;
369;9;   1433.5100;    348.6797;      18.0;
370;9;   1190.1565;    303.6440;      18.0;
371;9;   2528.6902;    376.2272;      18.0;
372;9;   2222.6270;    353.7503;      18.0;
373;9;   1836.6625;    391.3746;      18.0;
374;9;   1794.0689;    364.3208;      18.0;
375;9;   1571.1768;    345.8992;      18.0;
376;9;   2325.6525;    436.2416;      18.0;
377;9;   2314.3419;    350.1608;      18.0;
378;9;   1706.5819;    362.5062;      18.0;
379;9;   1884.5960;    376.6940;      18.0;
380;9;   2078.6588;    419.1931;      18.0;
381;9;   2099.7680;    404.8951;      18.0;
382;9;   2202.7789;    412.0938;      18.0;
383;9;   1785.7962;    340.8168;      18.0;
384;9;   2125.5333;    396.2477;      18.0;
385;9;   1717.4746;    378.1023;      18.0;
386;9;   1807.8176;    321.2665;      18.0;
387;9;   2380.9487;    378.9284;      18.0;
388;10;   1759.5379;    325.4662;      20.0;
389;10;   2315.2865;    363.7461;      20.0;
390;10;   2459.2871;    419.1931;      20.0;
391;10;   2181.9394;    387.9816;      20.0;
392;10;   2059.3066;    384.8896;      20.0;
393;10;   1545.2046;    294.7431;      20.0;
394;10;   2416.5105;    322.7526;      20.0;
395;10;   2394.6012;    322.1160;      20.0;
396;10;   1997.0080;    317.5481;      20.0;
397;10;   2113.3289;    441.4757;      20.0;
398;10;   2166.7707;    408.4856;      20.0;
399;10;   2385.4277;    434.3039;      20.0;
400;10;   1707.4911;    305.4093;      20.0;
401;10;   2227.2355;    416.2666;      20.0;
402;10;   2513.0524;    385.5758;      20.0;
403;10;   2360.4873;    355.1223;      20.0;
404;10;   2139.9672;    412.1370;      20.0;
405;10;   2224.3681;    345.8396;      20.0;
406;10;   2006.9766;    330.7856;      20.0;
407;10;   2559.2477;    347.1817;      20.0;
408;10;   2035.5883;    333.3061;      20.0;
409;10;   2121.6789;    324.2981;      20.0;
410;10;   1784.3642;    292.3891;      20.0;
411;10;   1868.8944;    330.4051;      20.0;
412;10;   2721.7219;    364.9342;      20.0;
413;10;   1754.3986;    363.5245;      20.0;
414;10;   2154.8154;    381.5351;      20.0;
415;10;   1694.7788;    323.5156;      20.0;
416;10;   2233.2365;    424.0485;      20.0;
417;10;   2328.8793;    309.8706;      20.0;
418;10;   2410.3034;    328.9181;      20.0;
419;10;   2163.9805;    397.9150;      20.0;
420;10;   2223.3573;    418.2441;      20.0;
421;10;   2638.2877;    450.2620;      20.0;
422;10;   2273.2285;    364.5704;      20.0;
423;10;   1955.6421;    390.0369;      20.0;
424;10;   1973.4722;    379.6824;      20.0;
425;10;   1992.9770;    370.2574;      20.0;
426;10;   2049.3035;    396.6304;      20.0;
427;10;   1909.7307;    372.5481;      20.0;
428;10;   1924.0702;    359.0800;      20.0;
429;10;   2105.8240;    376.5995;      20.0;
430;10;   2397.3129;    461.2804;      20.0;
431;11;   2054.1742;    467.6246;      22.0;
432;11;   2278.1039;    367.3599;      22.0;
433;11;   2518.6322;    449.0441;      22.0;
434;11;   2651.9356;    449.7936;      22.0;
435;11;   2521.0780;    428.7805;      22.0;
436;11;   1863.9264;    332.5709;      22.0;
437;11;   2814.1824;    418.3663;      22.0;
438;11;   2472.7113;    399.2493;      22.0;
439;11;   2919.2944;    402.6472;      22.0;
440;11;   2947.0495;    463.1426;      22.0;
441;11;   2186.7001;    348.5189;      22.0;
442;11;   2679.7223;    421.1602;      22.0;
443;11;   2023.5661;    313.6454;      22.0;
444;11;   2223.4252;    432.4192;      22.0;
445;11;   2657.1876;    441.5944;      22.0;
446;11;   2827.0214;    408.9155;      22.0;
447;11;   2572.9885;    338.9803;      22.0;
448;11;   2654.1508;    396.1975;      22.0;
449;11;   2892.0370;    325.7159;      22.0;
450;11;   2743.4368;    353.2552;      22.0;
451;11;   2616.7389;    419.3986;      22.0;
452;11;   1509.0077;    329.0120;      22.0;
453;11;   1893.2332;    317.6496;      22.0;
454;11;   2388.7625;    351.5723;      22.0;
455;11;   2286.3142;    434.2513;      22.0;
456;11;   2713.8001;    399.6373;      22.0;
457;11;   2434.3106;    433.0636;      22.0;
458;11;   2665.9268;    479.0500;      22.0;
459;11;   2409.5648;    397.7633;      22.0;
460;11;   2905.6465;    397.5350;      22.0;
461;11;   2792.2943;    435.4980;      22.0;
462;11;   2211.0221;    388.5014;      22.0;
463;11;   2544.5255;    440.2372;      22.0;
464;11;   2561.5847;    344.9685;      22.0;
465;11;   2304.5782;    377.1106;      22.0;
466;11;   2218.2579;    430.8025;      22.0;
467;11;   2099.0261;    283.5447;      22.0;
468;11;   2278.6125;    388.4247;      22.0;
469;11;   2160.2164;    333.0109;      22.0;
470;11;   2398.2449;    466.7859;      22.0;
471;11;   2092.9454;    391.5224;      22.0;
472;11;   2662.2008;    449.4765;      22.0;
473;11;   1968.8040;    331.4814;      22.0;
474;12;   2869.0463;    417.2052;      24.0;
475;12;   2228.4270;    464.9152;      24.0;
476;12;   2949.2832;    429.3478;      24.0;
477;12;   2967.7124;    407.9520;      24.0;
478;12;   2396.8897;    348.2585;      24.0;
479;12;   2316.0241;    442.5389;      24.0;
480;12;   3262.7751;    419.1931;      24.0;
481;12;   2876.2058;    333.0537;      24.0;
482;12;   2943.5658;    379.8150;      24.0;
483;12;   2854.2353;    384.6900;      24.0;
484;12;   2465.2056;    339.6949;      24.0;
485;12;   2981.4656;    455.7162;      24.0;
486;12;   2828.6884;    430.5979;      24.0;
487;12;   3638.7501;    431.6265;      24.0;
488;12;   2253.9306;    386.9968;      24.0;
489;12;   2932.0367;    482.1394;      24.0;
490;12;   2315.4207;    343.7241;      24.0;
491;12;   2499.5844;    372.5949;      24.0;
492;12;   1992.5248;    361.6821;      24.0;
493;12;   2361.8422;    423.3969;      24.0;
494;12;   2665.4764;    348.3770;      24.0;
495;12;   2946.7449;    437.8715;      24.0;
496;12;   2476.2001;    475.2208;      24.0;
497;12;   2394.5056;    412.2571;      24.0;
498;12;   2009.1464;    389.5577;      24.0;
499;12;   2206.6389;    297.9383;      24.0;
500;12;   2411.7244;    375.0557;      24.0;
501;12;   2319.5682;    328.0815;      24.0;
502;12;   2873.8141;    379.4855;      24.0;
503;12;   2503.7349;    380.0751;      24.0;
504;12;   2717.5795;    441.4510;      24.0;
505;12;   2867.4654;    437.3742;      24.0;
506;12;   2524.0041;    345.1679;      24.0;
507;12;   2017.5376;    437.8124;      24.0;
508;12;   2170.0369;    379.7117;      24.0;
509;12;   2812.6092;    402.8621;      24.0;
510;12;   2912.9049;    408.3276;      24.0;
511;12;   2903.8632;    368.3118;      24.0;
512;12;   2543.0402;    301.3292;      24.0;
513;12;   2339.4347;    325.8705;      24.0;
514;12;   2835.7672;    410.1346;      24.0;
515;12;   2886.0616;    387.7119;      24.0;
516;12;   2237.8369;    284.3496;      24.0;
517;13;   2693.9707;    391.3100;      26.0;
518;13;   2468.3111;    386.2081;      26.0;
519;13;   3304.2008;    483.5647;      26.0;
520;13;   2977.5165;    441.5484;      26.0;
521;13;   2844.4768;    364.2992;      26.0;
522;13;   2127.0245;    415.9990;      26.0;
523;13;   2808.3152;    448.5478;      26.0;
524;13;   2338.4536;    419.1931;      26.0;
525;13;   3354.4133;    407.6922;      26.0;
526;13;   3042.4426;    383.5516;      26.0;
527;13;   2899.9593;    427.8176;      26.0;
528;13;   2484.7189;    370.6076;      26.0;
529;13;   2878.2943;    387.4968;      26.0;
530;13;   2841.4714;    342.9679;      26.0;
531;13;   2574.5806;    452.0058;      26.0;
532;13;   3184.9544;    397.8633;      26.0;
533;13;   2228.6668;    388.5014;      26.0;
534;13;   2596.0514;    454.1572;      26.0;
535;13;   2911.6020;    398.6732;      26.0;
536;13;   2598.5280;    425.9372;      26.0;
537;13;   2696.9262;    403.4866;      26.0;
538;13;   3666.8337;    499.8636;      26.0;
539;13;   2861.5605;    372.5949;      26.0;
540;13;   3169.9533;    428.8364;      26.0;
541;13;   3266.4931;    477.8869;      26.0;
542;13;   2652.9006;    397.5638;      26.0;
543;13;   3189.6064;    443.3531;      26.0;
544;13;   2085.1724;    324.8420;      26.0;
545;13;   2143.8949;    351.2319;      26.0;
546;13;   3241.5048;    378.2878;      26.0;
547;13;   2993.9346;    348.0842;      26.0;
548;13;   1912.1340;    255.6254;      26.0;
549;13;   2873.5701;    388.4868;      26.0;
550;13;   2434.0860;    453.5844;      26.0;
551;13;   2268.5352;    335.4254;      26.0;
552;13;   2730.8841;    383.5230;      26.0;
553;13;   3580.6911;    468.0094;      26.0;
554;13;   3814.8990;    442.4990;      26.0;
555;13;   2775.2757;    391.4410;      26.0;
556;13;   2719.2042;    412.6441;      26.0;
557;13;   3119.5913;    432.1542;      26.0;
558;13;   2943.7172;    419.3986;      26.0;
559;13;   2614.4580;    348.9990;      26.0;
560;14;   2921.7521;    406.2055;      28.0;
561;14;   3139.6927;    460.0250;      28.0;
562;14;   3090.9290;    388.2690;      28.0;
563;14;   2572.0963;    376.9480;      28.0;
564;14;   3664.0400;    454.6984;      28.0;
565;14;   2817.6704;    398.4849;      28.0;
566;14;   3321.6793;    416.5671;      28.0;
567;14;   2839.2011;    441.5944;      28.0;
568;14;   3222.0907;    336.2709;      28.0;
569;14;   2725.9451;    356.6421;      28.0;
570;14;   2594.4433;    368.9833;      28.0;
571;14;   3365.1563;    419.1931;      28.0;
572;14;   2520.9586;    454.5473;      28.0;
573;14;   2910.0967;    368.3964;      28.0;
574;14;   3976.2112;    519.8802;      28.0;
575;14;   3128.8094;    342.1480;      28.0;
576;14;   2880.7451;    353.8856;      28.0;
577;14;   2933.7761;    420.2898;      28.0;
578;14;   3468.6001;    387.7119;      28.0;
579;14;   3619.4826;    415.9145;      28.0;
580;14;   3225.7652;    397.8500;      28.0;
581;14;   2465.6456;    369.4827;      28.0;
582;14;   2937.5332;    384.4311;      28.0;
583;14;   2742.6229;    395.6134;      28.0;
584;14;   3262.6443;    397.6465;      28.0;
585;14;   2806.2811;    344.6061;      28.0;
586;14;   2545.0297;    396.3710;      28.0;
587;14;   3275.8618;    367.3599;      28.0;
588;14;   3011.0066;    312.8048;      28.0;
589;14;   2859.0541;    313.9308;      28.0;
590;14;   3140.2193;    317.4967;      28.0;
591;14;   2812.7210;    428.7594;      28.0;
592;14;   3508.6061;    487.8350;      28.0;
593;14;   2627.1600;    395.0598;      28.0;
594;14;   3835.5874;    431.0961;      28.0;
595;14;   2765.0134;    345.1500;      28.0;
596;14;   2863.8439;    429.8554;      28.0;
597;14;   2745.2965;    387.4619;      28.0;
598;14;   2882.1838;    392.9758;      28.0;
599;14;   2421.1890;    359.7202;      28.0;
600;14;   2732.7221;    391.2957;      28.0;
601;14;   3017.8404;    428.7805;      28.0;
602;14;   2913.1759;    409.0504;      28.0;
603;15;   3711.5406;    431.6291;      30.0;
604;15;   3247.1733;    436.2538;      30.0;
605;15;   2934.8985;    345.8992;      30.0;
606;15;   4153.2935;    425.9706;      30.0;
607;15;   2880.4397;    342.6088;      30.0;
608;15;   3176.6734;    334.8268;      30.0;
609;15;   2758.4874;    398.7302;      30.0;
610;15;   2608.6141;    284.5521;      30.0;
611;15;   3475.8055;    376.5995;      30.0;
612;15;   3054.5158;    388.1298;      30.0;
613;15;   2877.1911;    412.7472;      30.0;
614;15;   2982.6559;    433.0636;      30.0;
615;15;   3588.3809;    350.6706;      30.0;
616;15;   3156.9839;    359.4298;      30.0;
617;15;   2837.9859;    389.7444;      30.0;
618;15;   3375.9486;    359.0215;      30.0;
619;15;   3290.8916;    420.4026;      30.0;
620;15;   3938.3026;    416.2044;      30.0;
621;15;   3432.6741;    406.1946;      30.0;
622;15;   3407.7403;    407.4628;      30.0;
623;15;   3148.1734;    459.0942;      30.0;
624;15;   3014.1655;    341.0169;      30.0;
625;15;   3496.3144;    406.2728;      30.0;
626;15;   3244.5186;    360.1524;      30.0;
627;15;   3229.6509;    359.5979;      30.0;
628;15;   3830.7740;    445.9488;      30.0;
629;15;   2936.0210;    394.2616;      30.0;
630;15;   3420.6603;    343.9754;      30.0;
631;15;   3647.2075;    510.3415;      30.0;
632;15;   3442.3394;    334.6508;      30.0;
633;15;   3136.8872;    326.5614;      30.0;
634;15;   3536.9924;    462.4967;      30.0;
635;15;   3727.4679;    403.4219;      30.0;
636;15;   3679.6585;    466.9491;      30.0;
637;15;   2961.0360;    468.8549;      30.0;
638;15;   3244.7364;    435.2142;      30.0;
639;15;   3435.3304;    373.4384;      30.0;
640;15;   3663.7552;    456.8689;      30.0;
641;15;   2902.8292;    463.8224;      30.0;
642;15;   3669.2328;    444.4113;      30.0;
643;15;   3098.3521;    418.3634;      30.0;
644;15;   3478.4985;    378.8963;      30.0;
645;15;   3635.1132;    421.9756;      30.0;
646;16;   3737.3694;    351.4060;      32.0;
647;16;   3693.7354;    436.6421;      32.0;
648;16;   3524.9872;    405.9274;      32.0;
649;16;   3784.9997;    482.6170;      32.0;
650;16;   3036.4767;    396.9722;      32.0;
651;16;   3531.3838;    409.7505;      32.0;
652;16;   3198.4045;    316.9578;      32.0;
653;16;   3290.8013;    407.4251;      32.0;
654;16;   3777.4658;    423.7446;      32.0;
655;16;   3248.3880;    378.1478;      32.0;
656;16;   3248.2001;    347.5518;      32.0;
657;16;   2989.7917;    391.1824;      32.0;
658;16;   3306.8363;    380.7313;      32.0;
659;16;   3385.1391;    355.2762;      32.0;
660;16;   3666.1508;    438.5006;      32.0;
661;16;   3564.5265;    463.8028;      32.0;
662;16;   3801.7903;    457.5319;      32.0;
663;16;   3702.4177;    381.5920;      32.0;
664;16;   3817.4675;    430.6636;      32.0;
665;16;   4317.2054;    429.3263;      32.0;
666;16;   3358.0574;    427.9627;      32.0;
667;16;   3665.9023;    374.5223;      32.0;
668;16;   3817.9375;    360.3622;      32.0;
669;16;   3555.5894;    377.9513;      32.0;
670;16;   3044.9824;    425.6078;      32.0;
671;16;   3305.2771;    450.5644;      32.0;
672;16;   3889.6129;    392.5459;      32.0;
673;16;   4366.3887;    435.1884;      32.0;
674;16;   3303.4577;    414.4444;      32.0;
675;16;   3848.5707;    427.2384;      32.0;
676;16;   2806.8411;    393.6319;      32.0;
677;16;   3566.9952;    433.5293;      32.0;
678;16;   3250.7700;    323.9244;      32.0;
679;16;   3356.8631;    439.3482;      32.0;
680;16;   4120.9375;    473.9680;      32.0;
681;16;   3904.1500;    400.0767;      32.0;
682;16;   3925.4365;    407.7360;      32.0;
683;16;   3737.6701;    469.6123;      32.0;
684;16;   3332.9114;    412.0210;      32.0;
685;16;   2884.7101;    373.5994;      32.0;
686;16;   3478.3378;    426.2017;      32.0;
687;16;   3071.9700;    396.4778;      32.0;
688;16;   3011.0082;    349.3229;      32.0;
689;17;   3023.5943;    370.2522;      34.0;
690;17;   3783.3165;    463.0930;      34.0;
691;17;   3994.1359;    411.8714;      34.0;
692;17;   3264.3836;    374.9380;      34.0;
693;17;   3925.9794;    435.8820;      34.0;
694;17;   3616.1055;    445.7110;      34.0;
695;17;   3851.6205;    358.9020;      34.0;
696;17;   3878.2263;    365.9029;      34.0;
697;17;   4123.9792;    441.2087;      34.0;
698;17;   2869.0547;    316.1718;      34.0;
699;17;   4057.6014;    393.2170;      34.0;
700;17;   3437.7293;    458.7989;      34.0;
701;17;   3647.7014;    383.8714;      34.0;
702;17;   3376.1384;    330.5056;      34.0;
703;17;   3988.6743;    409.7826;      34.0;
704;17;   3875.3831;    368.9833;      34.0;
705;17;   3142.7279;    384.5244;      34.0;
706;17;   3644.8597;    462.8814;      34.0;
707;17;   3430.5975;    352.7764;      34.0;
708;17;   3559.9229;    446.7234;      34.0;
709;17;   3391.7422;    441.7894;      34.0;
710;17;   3790.0128;    397.8633;      34.0;
711;17;   4452.4168;    433.8838;      34.0;
712;17;   4007.7311;    412.1241;      34.0;
713;17;   4245.3892;    416.6325;      34.0;
714;17;   3596.9808;    431.3953;      34.0;
715;17;   3790.4564;    467.9461;      34.0;
716;17;   3946.7719;    384.0654;      34.0;
717;17;   3091.3735;    386.4840;      34.0;
718;17;   3270.0220;    378.4189;      34.0;
719;17;   4168.8469;    459.2960;      34.0;
720;17;   3239.3979;    336.0665;      34.0;
721;17;   3249.5906;    305.8432;      34.0;
722;17;   3838.3636;    402.6242;      34.0;
723;17;   2756.8890;    389.5714;      34.0;
724;17;   3514.7090;    442.9817;      34.0;
725;17;   3739.2306;    425.5398;      34.0;
726;17;   3090.9914;    349.5033;      34.0;
727;17;   4005.0187;    429.2456;      34.0;
728;17;   4211.0205;    471.5411;      34.0;
729;17;   4151.3433;    395.3931;      34.0;
730;17;   3827.5825;    408.8452;      34.0;
731;17;   3121.9537;    391.0773;      34.0;
732;18;   3555.0526;    426.0729;      36.0;
733;18;   4157.1074;    415.8338;      36.0;
734;18;   3634.2888;    387.4434;      36.0;
735;18;   4175.2814;    487.4412;      36.0;
736;18;   4246.2119;    390.5862;      36.0;
737;18;   4331.6927;    371.8397;      36.0;
738;18;   3612.6979;    358.1134;      36.0;
739;18;   4493.1974;    464.1136;      36.0;
740;18;   3785.8443;    422.7059;      36.0;
741;18;   4382.2178;    389.9467;      36.0;
742;18;   3009.7909;    394.9212;      36.0;
743;18;   3743.8728;    389.0247;      36.0;
744;18;   3978.1676;    398.0787;      36.0;
745;18;   3772.1938;    368.1394;      36.0;
746;18;   4098.0886;    454.3976;      36.0;
747;18;   3504.3790;    427.2258;      36.0;
748;18;   3613.1046;    399.8802;      36.0;
749;18;   3939.3970;    421.3282;      36.0;
750;18;   4546.2060;    470.3929;      36.0;
751;18;   3893.0891;    367.5662;      36.0;
752;18;   4148.9587;    395.6807;      36.0;
753;18;   3900.1559;    376.8401;      36.0;
754;18;   3932.4215;    396.2823;      36.0;
755;18;   3972.4597;    452.2532;      36.0;
756;18;   4150.8840;    422.5466;      36.0;
757;18;   3806.3718;    436.4614;      36.0;
758;18;   4086.0711;    350.6111;      36.0;
759;18;   3373.9908;    407.2904;      36.0;
760;18;   3662.2909;    386.5183;      36.0;
761;18;   4028.8348;    456.7354;      36.0;
762;18;   4114.7620;    412.4132;      36.0;
763;18;   4013.1110;    442.9478;      36.0;
764;18;   3990.1966;    425.9431;      36.0;
765;18;   3500.3161;    421.3142;      36.0;
766;18;   3387.5145;    337.3495;      36.0;
767;18;   3710.7706;    424.1799;      36.0;
768;18;   4017.0810;    385.9425;      36.0;
769;18;   3222.8052;    353.3099;      36.0;
770;18;   3150.1344;    431.8150;      36.0;
771;18;   3835.1695;    396.0606;      36.0;
772;18;   4060.6728;    446.8451;      36.0;
773;18;   4288.4344;    478.1970;      36.0;
774;18;   4008.3879;    456.2407;      36.0;
775;19;   4276.1245;    478.8539;      38.0;
776;19;   4508.0648;    444.8258;      38.0;
777;19;   4118.0547;    463.8676;      38.0;
778;19;   4221.8109;    433.4203;      38.0;
779;19;   4578.9945;    405.9252;      38.0;
780;19;   4528.6227;    453.9601;      38.0;
781;19;   3682.1054;    341.4228;      38.0;
782;19;   4883.2793;    461.2785;      38.0;
783;19;   4151.4114;    451.1573;      38.0;
784;19;   4033.0050;    385.1823;      38.0;
785;19;   3952.2856;    408.7834;      38.0;
786;19;   3587.4587;    349.3537;      38.0;
787;19;   4517.5681;    432.1007;      38.0;
788;19;   4289.9644;    446.4950;      38.0;
789;19;   4161.4886;    440.4151;      38.0;
790;19;   3970.3119;    472.3648;      38.0;
791;19;   4041.4426;    354.6677;      38.0;
792;19;   3690.2712;    381.1195;      38.0;
793;19;   3912.6602;    404.8951;      38.0;
794;19;   3814.0261;    412.4295;      38.0;
795;19;   4064.1084;    398.4746;      38.0;
796;19;   3670.1774;    323.1458;      38.0;
797;19;   4294.1164;    404.3353;      38.0;
798;19;   3460.7446;    371.2151;      38.0;
799;19;   4091.7343;    433.1206;      38.0;
800;19;   4502.4371;    413.3930;      38.0;
801;19;   4140.0755;    342.3944;      38.0;
802;19;   4600.0040;    466.0933;      38.0;
803;19;   3478.4824;    384.9545;      38.0;
804;19;   4847.8628;    486.5219;      38.0;
805;19;   3892.6095;    411.3839;      38.0;
806;19;   3811.1612;    372.5552;      38.0;
807;19;   3458.2760;    381.2681;      38.0;
808;19;   4208.4134;    433.4956;      38.0;
809;19;   3599.8591;    436.7906;      38.0;
810;19;   4609.0434;    436.3638;      38.0;
811;19;   4687.0259;    437.0364;      38.0;
812;19;   4363.6522;    453.5844;      38.0;
813;19;   3891.6079;    471.3707;      38.0;
814;19;   4569.6735;    485.1215;      38.0;
815;19;   4425.8746;    458.7458;      38.0;
816;19;   3959.1256;    454.3590;      38.0;
817;19;   4260.0523;    407.7999;      38.0;
818;20;   4208.1237;    454.5473;      40.0;
819;20;   4897.4577;    403.3844;      40.0;
820;20;   3942.5726;    430.8311;      40.0;
821;20;   4351.4071;    441.2001;      40.0;
822;20;   4165.9502;    383.2032;      40.0;
823;20;   4330.9585;    435.2142;      40.0;
824;20;   4748.8225;    413.9420;      40.0;
825;20;   4724.5209;    484.8989;      40.0;
826;20;   4320.6587;    413.7971;      40.0;
827;20;   4846.0163;    402.0025;      40.0;
828;20;   4681.6296;    430.8183;      40.0;
829;20;   5153.1410;    470.6542;      40.0;
830;20;   3974.6436;    441.2695;      40.0;
831;20;   4568.5453;    466.0103;      40.0;
832;20;   4142.8223;    329.9026;      40.0;
833;20;   4604.4680;    493.5882;      40.0;
834;20;   4681.2621;    344.6209;      40.0;
835;20;   4861.8128;    438.8048;      40.0;
836;20;   4493.9659;    428.9972;      40.0;
837;20;   4598.8713;    459.8005;      40.0;
838;20;   4696.3062;    395.2732;      40.0;
839;20;   3469.3986;    327.1781;      40.0;
840;20;   4229.4529;    404.6519;      40.0;
841;20;   5688.6938;    447.4009;      40.0;
842;20;   3882.9648;    470.4437;      40.0;
843;20;   4831.4915;    442.1678;      40.0;
844;20;   4118.0354;    467.0878;      40.0;
845;20;   4910.2688;    467.5122;      40.0;
846;20;   4085.5406;    344.6395;      40.0;
847;20;   4289.7724;    369.5397;      40.0;
848;20;   4651.7038;    385.9792;      40.0;
849;20;   4253.6509;    360.5046;      40.0;
850;20;   4229.6854;    445.1511;      40.0;
851;20;   4825.4013;    400.4882;      40.0;
852;20;   4260.5714;    397.7936;      40.0;
853;20;   5029.0793;    469.9797;      40.0;
854;20;   4289.6874;    421.0541;      40.0;
855;20;   4498.2705;    420.8411;      40.0;
856;20;   4765.0025;    438.3366;      40.0;
857;20;   5251.9386;    449.2035;      40.0;
858;20;   4552.7349;    435.5177;      40.0;
859;20;   4451.3293;    489.2943;      40.0;
860;20;   4549.9463;    397.7357;      40.0;
861;21;   3923.0154;    396.9953;      42.0;
862;21;   5161.0632;    469.5235;      42.0;
863;21;   5552.0481;    425.8379;      42.0;
864;21;   3988.6682;    438.6127;      42.0;
865;21;   5137.1123;    432.2276;      42.0;
866;21;   4201.1529;    365.1587;      42.0;
867;21;   4868.6494;    469.1353;      42.0;
868;21;   5062.0194;    431.2974;      42.0;
869;21;   5606.9722;    487.7172;      42.0;
870;21;   4166.8938;    441.3565;      42.0;
871;21;   4277.2345;    372.7170;      42.0;
872;21;   4068.6634;    394.9901;      42.0;
873;21;   5060.6245;    379.8241;      42.0;
874;21;   4316.8982;    383.5561;      42.0;
875;21;   4058.3196;    442.7583;      42.0;
876;21;   4577.8764;    388.9115;      42.0;
877;21;   3825.5182;    390.0892;      42.0;
878;21;   4065.4796;    419.6220;      42.0;
879;21;   5338.4409;    417.3103;      42.0;
880;21;   4384.8931;    464.4955;      42.0;
881;21;   3890.0004;    407.4628;      42.0;
882;21;   4623.1655;    413.0020;      42.0;
883;21;   3996.9951;    365.3816;      42.0;
884;21;   4792.2392;    443.3852;      42.0;
885;21;   4231.7615;    377.7051;      42.0;
886;21;   4939.1988;    481.7275;      42.0;
887;21;   4587.5258;    407.6740;      42.0;
888;21;   4817.1497;    439.1311;      42.0;
889;21;   4923.9546;    434.2513;      42.0;
890;21;   4366.8553;    360.8568;      42.0;
891;21;   4592.9237;    453.1255;      42.0;
892;21;   4926.0410;    461.3947;      42.0;
893;21;   4595.6228;    337.6765;      42.0;
894;21;   4962.7750;    472.9251;      42.0;
895;21;   4620.6639;    470.1323;      42.0;
896;21;   3824.9422;    411.8768;      42.0;
897;21;   4667.1115;    524.2200;      42.0;
898;21;   4295.5971;    373.7193;      42.0;
899;21;   5607.0345;    454.3227;      42.0;
900;21;   5851.7753;    521.9165;      42.0;
901;21;   4679.3006;    448.2856;      42.0;
902;21;   5109.6592;    478.4428;      42.0;
903;21;   4252.3817;    380.0729;      42.0;
904;22;   5021.9495;    397.8354;      44.0;
905;22;   5728.8259;    432.6211;      44.0;
906;22;   5185.5042;    373.0335;      44.0;
907;22;   4213.3328;    481.2928;      44.0;
908;22;   4611.5354;    437.1988;      44.0;
909;22;   4566.7348;    385.0484;      44.0;
910;22;   4244.1127;    404.9292;      44.0;
911;22;   4915.8126;    418.9518;      44.0;
912;22;   5236.5745;    465.8473;      44.0;
913;22;   3643.2209;    372.7787;      44.0;
914;22;   5429.2007;    505.3386;      44.0;
915;22;   5045.2419;    352.3634;      44.0;
916;22;   5381.2922;    446.9734;      44.0;
917;22;   5813.9045;    432.6405;      44.0;
918;22;   4130.0239;    441.5944;      44.0;
919;22;   5103.0242;    367.9210;      44.0;
920;22;   4004.9581;    302.7359;      44.0;
921;22;   5276.6595;    462.5810;      44.0;
922;22;   4792.0999;    424.9857;      44.0;
923;22;   5020.7533;    362.6730;      44.0;
924;22;   3915.9657;    334.4117;      44.0;
925;22;   5268.2866;    468.5233;      44.0;
926;22;   6056.9116;    412.5608;      44.0;
927;22;   5507.6154;    468.4639;      44.0;
928;22;   4861.0125;    497.8843;      44.0;
929;22;   5712.9448;    418.6717;      44.0;
930;22;   4691.4262;    392.6449;      44.0;
931;22;   4243.8464;    401.0858;      44.0;
932;22;   4828.6624;    390.7571;      44.0;
933;22;   4408.0704;    434.4276;      44.0;
934;22;   4428.6159;    360.5759;      44.0;
935;22;   5363.4806;    432.6211;      44.0;
936;22;   4895.9169;    432.4717;      44.0;
937;22;   5330.7420;    309.1416;      44.0;
938;22;   5171.6085;    416.9071;      44.0;
939;22;   4952.3797;    437.4337;      44.0;
940;22;   5597.9568;    391.8953;      44.0;
941;22;   5129.5724;    497.6756;      44.0;
942;22;   5283.9746;    419.1931;      44.0;
943;22;   5123.5389;    446.3290;      44.0;
944;22;   5111.1062;    433.5939;      44.0;
945;22;   5212.5946;    410.4828;      44.0;
946;22;   5351.3494;    474.8744;      44.0;
947;23;   5501.0394;    451.2582;      46.0;
948;23;   5005.5259;    461.8312;      46.0;
949;23;   4204.7469;    380.9987;      46.0;
950;23;   4545.9770;    428.5169;      46.0;
951;23;   5795.3767;    468.4327;      46.0;
952;23;   4534.0530;    471.7071;      46.0;
953;23;   4424.9302;    410.9298;      46.0;
954;23;   4804.1879;    412.9453;      46.0;
955;23;   5381.0209;    402.6699;      46.0;
956;23;   4742.1912;    391.3100;      46.0;
957;23;   4644.5390;    406.2759;      46.0;
958;23;   5638.9310;    424.6258;      46.0;
959;23;   4342.3646;    387.2521;      46.0;
960;23;   5440.7433;    402.9208;      46.0;
961;23;   5488.8808;    492.6102;      46.0;
962;23;   5525.5479;    454.9747;      46.0;
963;23;   5940.7536;    427.0996;      46.0;
964;23;   5294.0686;    424.4058;      46.0;
965;23;   5444.3909;    414.8216;      46.0;
966;23;   4552.9889;    435.5202;      46.0;
967;23;   5195.5768;    449.4125;      46.0;
968;23;   4903.9473;    425.3512;      46.0;
969;23;   3852.6885;    423.2478;      46.0;
970;23;   4822.1421;    419.5806;      46.0;
971;23;   4530.1085;    430.1691;      46.0;
972;23;   4637.1247;    440.9757;      46.0;
973;23;   5520.8655;    423.8852;      46.0;
974;23;   4389.1117;    425.2689;      46.0;
975;23;   4753.8888;    398.2427;      46.0;
976;23;   5086.1332;    413.5105;      46.0;
977;23;   4373.9680;    442.2993;      46.0;
978;23;   6036.9566;    436.2302;      46.0;
979;23;   5568.1669;    462.1301;      46.0;
980;23;   4814.0450;    507.8996;      46.0;
981;23;   5642.4964;    436.3831;      46.0;
982;23;   4795.6169;    329.8619;      46.0;
983;23;   4514.5069;    487.8357;      46.0;
984;23;   4651.6299;    479.3149;      46.0;
985;23;   5000.7001;    392.2653;      46.0;
986;23;   5347.6467;    514.4982;      46.0;
987;23;   4645.9953;    367.7976;      46.0;
988;23;   5506.3707;    436.1674;      46.0;
989;23;   5936.0432;    447.6703;      46.0;
990;24;   4876.9050;    384.3829;      48.0;
991;24;   5111.2552;    415.8915;      48.0;
992;24;   5444.9600;    382.7389;      48.0;
993;24;   5467.1994;    452.1202;      48.0;
994;24;   5356.0531;    394.7356;      48.0;
995;24;   5414.8412;    392.2841;      48.0;
996;24;   5721.3740;    450.7108;      48.0;
997;24;   5874.1636;    525.8808;      48.0;
998;24;   5831.5759;    406.2692;      48.0;
999;24;   6076.9580;    434.9887;      48.0;
1000;24;   5416.0872;    499.9759;      48.0;
1001;24;   5586.2833;    461.1810;      48.0;
1002;24;   4852.3694;    481.7275;      48.0;
1003;24;   5309.5955;    443.7898;      48.0;
1004;24;   4592.8693;    415.7315;      48.0;
1005;24;   5701.6284;    408.6349;      48.0;
1006;24;   4203.6452;    359.2322;      48.0;
1007;24;   5834.5679;    442.2653;      48.0;
1008;24;   5468.4670;    458.2278;      48.0;
1009;24;   5318.1405;    361.2591;      48.0;
1010;24;   5423.6076;    500.6964;      48.0;
1011;24;   5015.0759;    420.9580;      48.0;
1012;24;   4709.1350;    400.0656;      48.0;
1013;24;   5447.2296;    420.0135;      48.0;
1014;24;   5874.3007;    441.1249;      48.0;
1015;24;   5064.5385;    463.1943;      48.0;
1016;24;   5591.8216;    496.2226;      48.0;
1017;24;   5437.4732;    413.5218;      48.0;
1018;24;   6224.0126;    463.7768;      48.0;
1019;24;   5525.3348;    421.0242;      48.0;
1020;24;   5076.5164;    474.0816;      48.0;
1021;24;   4579.4436;    457.0961;      48.0;
1022;24;   4702.5197;    423.1508;      48.0;
1023;24;   5764.9499;    443.1647;      48.0;
1024;24;   6233.0567;    429.6196;      48.0;
1025;24;   4724.0219;    421.5335;      48.0;
1026;24;   5764.5802;    488.2979;      48.0;
1027;24;   5286.6901;    392.4745;      48.0;
1028;24;   5722.1709;    450.9403;      48.0;
1029;24;   5043.7079;    463.4554;      48.0;
1030;24;   6063.3432;    450.5597;      48.0;
1031;24;   5720.1657;    525.1743;      48.0;
1032;24;   5596.3462;    449.3257;      48.0;
1033;25;   5673.1833;    458.1602;      50.0;
1034;25;   6568.7651;    478.9547;      50.0;
1035;25;   5731.4698;    437.8573;      50.0;
1036;25;   5818.7306;    466.8701;      50.0;
1037;25;   5952.4183;    445.6012;      50.0;
1038;25;   6419.1934;    417.4146;      50.0;
1039;25;   5247.4265;    412.1584;      50.0;
1040;25;   6147.7830;    475.5548;      50.0;
1041;25;   5522.3402;    472.2639;      50.0;
1042;25;   5455.4657;    468.8542;      50.0;
1043;25;   5247.4238;    354.9540;      50.0;
1044;25;   6079.4184;    466.6132;      50.0;
1045;25;   6368.0021;    426.9372;      50.0;
1046;25;   5848.1597;    405.7530;      50.0;
1047;25;   5480.7053;    472.3457;      50.0;
1048;25;   5543.3465;    489.7819;      50.0;
1049;25;   5471.3876;    416.6610;      50.0;
1050;25;   6057.6649;    457.3911;      50.0;
1051;25;   5049.7183;    408.6654;      50.0;
1052;25;   4901.4938;    413.3981;      50.0;
1053;25;   5548.6937;    466.7432;      50.0;
1054;25;   5858.3437;    401.0682;      50.0;
1055;25;   5121.1274;    450.5325;      50.0;
1056;25;   5116.2381;    412.5527;      50.0;
1057;25;   5482.2976;    491.7647;      50.0;
1058;25;   6413.7173;    469.4526;      50.0;
1059;25;   5359.5499;    419.1333;      50.0;
1060;25;   4945.2687;    425.4158;      50.0;
1061;25;   4306.1884;    360.1757;      50.0;
1062;25;   5767.7328;    451.5725;      50.0;
1063;25;   6086.7824;    492.5561;      50.0;
1064;25;   5343.9451;    408.5454;      50.0;
1065;25;   5369.2346;    428.8335;      50.0;
1066;25;   5786.0973;    432.8707;      50.0;
1067;25;   5423.9205;    471.2620;      50.0;
1068;25;   6394.5529;    418.9768;      50.0;
1069;25;   5114.0775;    420.8999;      50.0;
1070;25;   4866.0795;    430.4066;      50.0;
1071;25;   5804.9226;    427.5453;      50.0;
1072;25;   5535.5595;    413.0020;      50.0;
1073;25;   5974.7242;    370.6229;      50.0;
1074;25;   5128.8926;    366.4595;      50.0;
1075;25;   6399.8382;    475.4681;      50.0;
1076;26;   6219.5733;    335.7536;      52.0;
1077;26;   5499.2765;    359.3954;      52.0;
1078;26;   5984.8646;    454.5473;      52.0;
1079;26;   4920.1207;    442.2248;      52.0;
1080;26;   5500.1798;    420.1733;      52.0;
1081;26;   5821.5601;    410.9581;      52.0;
1082;26;   5638.4704;    487.3588;      52.0;
1083;26;   4789.7811;    472.6784;      52.0;
1084;26;   6370.0637;    487.2094;      52.0;
1085;26;   5751.0037;    510.0422;      52.0;
1086;26;   5608.2793;    453.8625;      52.0;
1087;26;   6473.8610;    477.2873;      52.0;
1088;26;   5713.5116;    401.5046;      52.0;
1089;26;   5844.5565;    365.9029;      52.0;
1090;26;   6390.7000;    493.5259;      52.0;
1091;26;   5415.4620;    458.0953;      52.0;
1092;26;   5885.1832;    473.7981;      52.0;
1093;26;   5632.7464;    467.1876;      52.0;
1094;26;   6620.4853;    464.7047;      52.0;
1095;26;   5978.3671;    396.4312;      52.0;
1096;26;   6804.2255;    431.6131;      52.0;
1097;26;   5531.4061;    378.7195;      52.0;
1098;26;   5561.5119;    373.0003;      52.0;
1099;26;   5798.5291;    443.8078;      52.0;
1100;26;   6056.5438;    469.9986;      52.0;
1101;26;   5113.3537;    439.8052;      52.0;
1102;26;   5897.9215;    420.0208;      52.0;
1103;26;   6163.5396;    475.5006;      52.0;
1104;26;   5962.7359;    376.9910;      52.0;
1105;26;   5676.6062;    371.9612;      52.0;
1106;26;   5916.4157;    400.4295;      52.0;
1107;26;   5183.1631;    425.1061;      52.0;
1108;26;   6228.7249;    473.6749;      52.0;
1109;26;   6197.5054;    502.3930;      52.0;
1110;26;   5904.6172;    473.4065;      52.0;
1111;26;   5706.2446;    467.4340;      52.0;
1112;26;   6353.4622;    496.9110;      52.0;
1113;26;   5389.6585;    418.5199;      52.0;
1114;26;   5821.6199;    425.4055;      52.0;
1115;26;   5462.4567;    437.9576;      52.0;
1116;26;   5892.2359;    384.9810;      52.0;
1117;26;   5825.0230;    434.1010;      52.0;
1118;26;   5332.3277;    396.4000;      52.0;
1119;27;   5966.6247;    401.2476;      54.0;
1120;27;   6170.3428;    447.2367;      54.0;
1121;27;   6349.6326;    403.3473;      54.0;
1122;27;   7017.7005;    470.5972;      54.0;
1123;27;   6256.9986;    397.9150;      54.0;
1124;27;   5935.2163;    410.4311;      54.0;
1125;27;   6473.5735;    422.2875;      54.0;
1126;27;   5636.8727;    450.6783;      54.0;
1127;27;   6242.8771;    542.8715;      54.0;
1128;27;   6054.1312;    457.1958;      54.0;
1129;27;   5835.0475;    338.9803;      54.0;
1130;27;   6261.2450;    470.9275;      54.0;
1131;27;   5933.7915;    436.6122;      54.0;
1132;27;   6580.4457;    403.2957;      54.0;
1133;27;   5471.2166;    421.3030;      54.0;
1134;27;   6056.6554;    467.9296;      54.0;
1135;27;   5618.3033;    398.4141;      54.0;
1136;27;   5976.9128;    455.2134;      54.0;
1137;27;   7359.5715;    541.9829;      54.0;
1138;27;   5738.3152;    408.2133;      54.0;
1139;27;   5371.0247;    410.9172;      54.0;
1140;27;   5961.4926;    507.4581;      54.0;
1141;27;   5860.6336;    459.8524;      54.0;
1142;27;   5839.3056;    473.4390;      54.0;
1143;27;   4993.7158;    457.1139;      54.0;
1144;27;   5416.2056;    389.2897;      54.0;
1145;27;   5846.9435;    390.1745;      54.0;
1146;27;   6862.4959;    457.1232;      54.0;
1147;27;   6209.1956;    389.8492;      54.0;
1148;27;   6164.9176;    471.2390;      54.0;
1149;27;   6072.5000;    425.9993;      54.0;
1150;27;   4545.3140;    374.5198;      54.0;
1151;27;   6325.3371;    454.9415;      54.0;
1152;27;   6418.0552;    448.5475;      54.0;
1153;27;   5622.8581;    357.7296;      54.0;
1154;27;   6574.4687;    421.8079;      54.0;
1155;27;   5959.6271;    444.1662;      54.0;
1156;27;   5590.6891;    456.7354;      54.0;
1157;27;   6434.4513;    397.8725;      54.0;
1158;27;   6486.3577;    381.1740;      54.0;
1159;27;   5707.2095;    474.6245;      54.0;
1160;27;   6493.8910;    384.9044;      54.0;
1161;27;   6259.9516;    402.4286;      54.0;
1162;28;   6693.8449;    448.1488;      56.0;
1163;28;   6107.9150;    368.1780;      56.0;
1164;28;   7642.7158;    521.3140;      56.0;
1165;28;   6264.1992;    431.8674;      56.0;
1166;28;   5764.8679;    405.7224;      56.0;
1167;28;   6451.0841;    428.5021;      56.0;
1168;28;   5732.7942;    456.4524;      56.0;
1169;28;   6486.0769;    556.1594;      56.0;
1170;28;   6398.6682;    462.9062;      56.0;
1171;28;   6497.3564;    444.0495;      56.0;
1172;28;   5754.3849;    414.8687;      56.0;
1173;28;   5506.1650;    468.2620;      56.0;
1174;28;   5625.8776;    471.0587;      56.0;
1175;28;   6662.2401;    474.1875;      56.0;
1176;28;   5655.7392;    398.8597;      56.0;
1177;28;   6375.7147;    415.4008;      56.0;
1178;28;   6647.7026;    553.1416;      56.0;
1179;28;   6231.5502;    441.3539;      56.0;
1180;28;   6324.8766;    385.8476;      56.0;
1181;28;   5512.3180;    376.7679;      56.0;
1182;28;   5811.6124;    427.2703;      56.0;
1183;28;   6995.5299;    451.7427;      56.0;
1184;28;   5657.8305;    435.7391;      56.0;
1185;28;   6077.8006;    467.1021;      56.0;
1186;28;   5344.8087;    419.2104;      56.0;
1187;28;   5987.1825;    392.0794;      56.0;
1188;28;   6085.1190;    377.2073;      56.0;
1189;28;   6584.1190;    440.1391;      56.0;
1190;28;   5752.0185;    426.9647;      56.0;
1191;28;   7236.4427;    462.4368;      56.0;
1192;28;   5635.7956;    469.7410;      56.0;
1193;28;   7025.5718;    516.8177;      56.0;
1194;28;   6257.9753;    419.9177;      56.0;
1195;28;   6233.7175;    467.7687;      56.0;
1196;28;   6704.4013;    471.5411;      56.0;
1197;28;   6828.0292;    391.3746;      56.0;
1198;28;   5839.1461;    447.9343;      56.0;
1199;28;   6276.9470;    399.0152;      56.0;
1200;28;   6165.3138;    390.7571;      56.0;
1201;28;   5953.9728;    435.9950;      56.0;
1202;28;   6008.5704;    477.2612;      56.0;
1203;28;   6880.8743;    398.0374;      56.0;
1204;28;   6787.7385;    488.4521;      56.0;
1205;29;   6704.7699;    408.6466;      58.0;
1206;29;   6192.6577;    397.3369;      58.0;
1207;29;   6676.8127;    419.6653;      58.0;
1208;29;   6909.4515;    415.2216;      58.0;
1209;29;   6872.6048;    452.6812;      58.0;
1210;29;   6892.6652;    445.9963;      58.0;
1211;29;   6252.5894;    434.7012;      58.0;
1212;29;   6702.4800;    419.2991;      58.0;
1213;29;   6256.7982;    434.2364;      58.0;
1214;29;   6848.2623;    430.0481;      58.0;
1215;29;   5836.8378;    529.8088;      58.0;
1216;29;   7159.6191;    470.3937;      58.0;
1217;29;   6136.7155;    491.1886;      58.0;
1218;29;   7362.7015;    506.5255;      58.0;
1219;29;   6245.2582;    405.6096;      58.0;
1220;29;   6877.5655;    404.3639;      58.0;
1221;29;   5523.4625;    417.4854;      58.0;
1222;29;   6995.8893;    452.3950;      58.0;
1223;29;   6514.5475;    477.5158;      58.0;
1224;29;   6906.9709;    428.1662;      58.0;
1225;29;   6973.1278;    448.4809;      58.0;
1226;29;   6325.7403;    495.9329;      58.0;
1227;29;   6064.5680;    378.1992;      58.0;
1228;29;   6037.5330;    448.9565;      58.0;
1229;29;   6404.2584;    441.9741;      58.0;
1230;29;   6914.6569;    427.1550;      58.0;
1231;29;   6379.1541;    489.0295;      58.0;
1232;29;   6732.4081;    419.0319;      58.0;
1233;29;   6082.7654;    463.8834;      58.0;
1234;29;   6120.6233;    411.2115;      58.0;
1235;29;   6437.6044;    565.3786;      58.0;
1236;29;   6415.6005;    503.4947;      58.0;
1237;29;   7592.6749;    517.2015;      58.0;
1238;29;   6696.5673;    395.6947;      58.0;
1239;29;   6734.7784;    430.0106;      58.0;
1240;29;   6241.3356;    404.4649;      58.0;
1241;29;   6562.6564;    441.5944;      58.0;
1242;29;   6602.7190;    385.4136;      58.0;
1243;29;   6119.1543;    456.9785;      58.0;
1244;29;   6092.3455;    453.5844;      58.0;
1245;29;   6775.3942;    506.7490;      58.0;
1246;29;   6035.5411;    414.5364;      58.0;
1247;29;   5517.6480;    460.1503;      58.0;
1248;30;   6602.0140;    488.4421;      60.0;
1249;30;   7268.5418;    378.2379;      60.0;
1250;30;   7120.3774;    455.1599;      60.0;
1251;30;   7193.4345;    482.9833;      60.0;
1252;30;   5857.9118;    416.3589;      60.0;
1253;30;   7305.0108;    439.4332;      60.0;
1254;30;   6969.7375;    440.5168;      60.0;
1255;30;   6341.2757;    529.8243;      60.0;
1256;30;   6514.6184;    467.3611;      60.0;
1257;30;   7220.9818;    461.2316;      60.0;
1258;30;   6446.7026;    459.1651;      60.0;
1259;30;   7335.1815;    564.0537;      60.0;
1260;30;   6683.6893;    449.7316;      60.0;
1261;30;   6637.2123;    440.9691;      60.0;
1262;30;   6154.1606;    361.1241;      60.0;
1263;30;   6584.2493;    473.9913;      60.0;
1264;30;   7075.4774;    447.1173;      60.0;
1265;30;   8156.6891;    454.6128;      60.0;
1266;30;         NaN;         NaN;      60.0;
1267;30;   7038.1709;    452.1573;      60.0;
1268;30;   7118.3122;    450.1573;      60.0;
1269;30;   6685.6274;    478.2407;      60.0;
1270;30;   6135.8143;    407.4962;      60.0;
1271;30;   6956.3081;    458.2908;      60.0;
1272;30;   7080.8515;    472.3233;      60.0;
1273;30;   7229.7586;    431.2770;      60.0;
1274;30;   6573.2983;    419.2095;      60.0;
1275;30;   6980.5741;    434.8237;      60.0;
1276;30;   6822.8819;    390.6043;      60.0;
1277;30;   7633.1289;    452.5688;      60.0;
1278;30;   6289.8660;    428.8163;      60.0;
1279;30;   7048.2996;    453.6105;      60.0;
1280;30;   6793.3107;    499.1782;      60.0;
1281;30;   6183.2040;    477.7634;      60.0;
1282;30;   6526.8743;    449.8415;      60.0;
1283;30;   6976.8089;    454.3590;      60.0;
1284;30;   7116.3286;    482.8436;      60.0;
1285;30;   6761.5509;    379.6824;      60.0;
1286;30;   6866.7234;    427.9642;      60.0;
1287;30;   6345.9385;    454.2819;      60.0;
1288;30;   7730.4123;    489.4530;      60.0;
1289;30;   7516.4707;    479.6008;      60.0;
1290;30;   7207.6647;    411.8822;      60.0;
1291;31;   7448.8363;    470.2747;      62.0;
1292;31;   7820.3193;    410.4478;      62.0;
1293;31;   7463.9232;    511.3604;      62.0;
1294;31;   6442.9868;    459.0942;      62.0;
1295;31;   7116.6879;    414.6161;      62.0;
1296;31;   6901.6521;    446.5425;      62.0;
1297;31;   7650.8227;    440.3932;      62.0;
1298;31;   7463.8762;    488.5385;      62.0;
1299;31;   6337.7008;    370.0002;      62.0;
1300;31;   6735.8645;    509.1802;      62.0;
1301;31;   7662.1504;    494.6365;      62.0;
1302;31;   7259.9111;    491.1477;      62.0;
1303;31;   7525.3621;    400.4292;      62.0;
1304;31;   6554.4802;    465.3712;      62.0;
1305;31;   7011.3495;    468.2447;      62.0;
1306;31;   6808.2378;    481.3889;      62.0;
1307;31;   6078.7152;    365.4785;      62.0;
1308;31;   7429.3899;    476.8925;      62.0;
1309;31;   7249.1018;    399.3021;      62.0;
1310;31;   6412.2012;    387.3666;      62.0;
1311;31;   5430.4454;    369.3875;      62.0;
1312;31;   7165.0933;    399.7539;      62.0;
1313;31;   7050.1238;    412.5527;      62.0;
1314;31;   6900.5129;    424.1060;      62.0;
1315;31;   6940.0444;    412.0799;      62.0;
1316;31;   6957.9881;    405.9003;      62.0;
1317;31;   6447.8638;    413.6236;      62.0;
1318;31;   7260.0286;    411.9213;      62.0;
1319;31;   6562.4669;    447.5687;      62.0;
1320;31;   7613.6133;    451.4698;      62.0;
1321;31;   7558.6972;    385.8914;      62.0;
1322;31;   6939.7226;    526.1400;      62.0;
1323;31;   6156.9237;    399.5134;      62.0;
1324;31;   7497.5822;    460.4725;      62.0;
1325;31;   6712.2933;    477.0061;      62.0;
1326;31;   7252.8960;    532.2787;      62.0;
1327;31;   5868.8284;    436.4010;      62.0;
1328;31;   7077.6719;    408.1301;      62.0;
1329;31;   6288.6317;    456.0225;      62.0;
1330;31;   6598.9054;    437.9240;      62.0;
1331;31;   6888.1115;    445.0407;      62.0;
1332;31;   7919.9117;    564.9798;      62.0;
1333;31;   7682.5686;    508.1567;      62.0;
1334;32;   8036.9690;    452.9691;      64.0;
1335;32;   7225.5452;    452.5287;      64.0;
1336;32;   6719.0026;    435.6793;      64.0;
1337;32;   7626.8317;    456.4224;      64.0;
1338;32;   7847.7624;    426.2680;      64.0;
1339;32;   7797.5141;    460.7239;      64.0;
1340;32;   7391.1692;    539.5825;      64.0;
1341;32;   7645.4743;    534.0648;      64.0;
1342;32;   7133.6278;    419.6944;      64.0;
1343;32;   7523.5134;    440.9202;      64.0;
1344;32;   7299.1620;    448.6389;      64.0;
1345;32;   7804.2823;    483.7012;      64.0;
1346;32;   7063.2013;    451.2037;      64.0;
1347;32;   7701.3214;    476.2086;      64.0;
1348;32;   6585.9280;    433.5793;      64.0;
1349;32;   7512.3694;    448.8930;      64.0;
1350;32;   7250.6375;    434.1566;      64.0;
1351;32;   7777.2106;    404.7525;      64.0;
1352;32;   7163.0151;    471.6095;      64.0;
1353;32;   7855.0702;    446.7033;      64.0;
1354;32;   7236.1285;    485.6920;      64.0;
1355;32;   7554.5249;    432.7238;      64.0;
1356;32;   6643.5440;    434.5554;      64.0;
1357;32;   6489.9136;    408.5471;      64.0;
1358;32;   6393.9442;    463.0930;      64.0;
1359;32;   7300.8578;    416.3447;      64.0;
1360;32;   6702.6795;    410.9641;      64.0;
1361;32;   6902.5313;    480.2910;      64.0;
1362;32;   7529.6142;    434.0491;      64.0;
1363;32;   7083.0585;    411.7419;      64.0;
1364;32;   7506.5405;    451.5219;      64.0;
1365;32;   7489.7463;    406.5157;      64.0;
1366;32;   7360.2598;    469.0026;      64.0;
1367;32;   7703.7227;    408.6489;      64.0;
1368;32;   7288.7606;    415.9990;      64.0;
1369;32;   7824.9050;    471.4302;      64.0;
1370;32;   7929.1513;    432.2242;      64.0;
1371;32;   7832.5770;    499.0100;      64.0;
1372;32;   7060.5551;    445.2782;      64.0;
1373;32;   7659.8670;    453.0487;      64.0;
1374;32;   6966.7625;    420.1223;      64.0;
1375;32;   7490.4162;    459.2960;      64.0;
1376;32;   6362.7981;    452.7060;      64.0;
1377;33;   6372.9583;    382.2043;      66.0;
1378;33;   7371.2672;    410.5572;      66.0;
1379;33;   8422.2217;    476.7283;      66.0;
1380;33;   7955.5790;    420.6021;      66.0;
1381;33;   7854.4851;    439.4236;      66.0;
1382;33;   7041.8350;    404.8637;      66.0;
1383;33;   7603.4059;    468.3211;      66.0;
1384;33;   8048.3194;    467.0210;      66.0;
1385;33;   7538.1695;    461.5451;      66.0;
1386;33;   6323.4056;    366.1681;      66.0;
1387;33;   7750.1516;    445.0558;      66.0;
1388;33;   7884.3813;    465.9055;      66.0;
1389;33;   7491.1990;    433.4946;      66.0;
1390;33;   7515.7794;    514.2942;      66.0;
1391;33;   8035.4949;    488.7433;      66.0;
1392;33;   7508.7011;    522.2689;      66.0;
1393;33;   7268.5279;    425.2523;      66.0;
1394;33;   7492.4121;    479.4572;      66.0;
1395;33;   7114.2245;    394.7500;      66.0;
1396;33;   6603.6173;    441.5944;      66.0;
1397;33;   7573.2127;    457.1138;      66.0;
1398;33;   7074.7763;    479.8652;      66.0;
1399;33;   8064.6629;    403.5699;      66.0;
1400;33;   7857.4900;    549.0709;      66.0;
1401;33;   7609.5911;    389.4627;      66.0;
1402;33;   8248.9146;    497.2244;      66.0;
1403;33;   7485.6166;    514.8874;      66.0;
1404;33;   7774.7701;    409.9138;      66.0;
1405;33;   6950.3531;    404.4508;      66.0;
1406;33;   6744.1421;    410.4067;      66.0;
1407;33;   7190.0465;    429.2121;      66.0;
1408;33;   7491.5230;    389.8611;      66.0;
1409;33;   7949.9087;    462.6444;      66.0;
1410;33;   6816.0781;    472.3842;      66.0;
1411;33;   7965.1106;    455.6539;      66.0;
1412;33;   7407.8433;    437.2819;      66.0;
1413;33;   7687.4889;    466.0210;      66.0;
1414;33;   7518.1448;    387.3911;      66.0;
1415;33;   7037.1113;    443.5053;      66.0;
1416;33;   7487.1529;    512.7040;      66.0;
1417;33;   6917.1843;    463.2768;      66.0;
1418;33;   7446.0782;    427.9299;      66.0;
1419;33;   7351.7455;    406.7845;      66.0;
1420;34;   6080.6875;    421.2127;      68.0;
1421;34;   7274.8562;    432.4700;      68.0;
1422;34;   8331.7298;    517.2827;      68.0;
1423;34;   7474.2945;    419.3986;      68.0;
1424;34;   7626.0216;    463.9809;      68.0;
1425;34;   8336.5564;    435.7391;      68.0;
1426;34;   8177.1619;    489.5912;      68.0;
1427;34;   7523.3415;    436.4142;      68.0;
1428;34;   7660.3142;    432.5946;      68.0;
1429;34;   7668.4988;    450.3087;      68.0;
1430;34;   8071.0081;    477.6446;      68.0;
1431;34;   8271.5689;    419.6585;      68.0;
1432;34;   6870.4817;    442.8115;      68.0;
1433;34;   8438.0395;    490.9875;      68.0;
1434;34;   7478.9384;    436.6216;      68.0;
1435;34;   8362.1646;    452.2903;      68.0;
1436;34;   7366.2628;    417.0203;      68.0;
1437;34;   6213.7561;    415.0852;      68.0;
1438;34;   8420.7174;    544.1089;      68.0;
1439;34;   7012.3351;    478.7431;      68.0;
1440;34;   8544.4211;    543.7281;      68.0;
1441;34;   8314.9994;    478.9617;      68.0;
1442;34;   7954.7603;    445.9488;      68.0;
1443;34;   7378.9403;    483.6577;      68.0;
1444;34;   8756.4868;    531.4790;      68.0;
1445;34;   8440.0749;    501.8523;      68.0;
1446;34;   7953.9962;    532.6250;      68.0;
1447;34;   8139.1857;    470.7659;      68.0;
1448;34;   8504.8605;    553.3710;      68.0;
1449;34;   7901.4605;    468.4983;      68.0;
1450;34;   7940.1576;    442.9793;      68.0;
1451;34;   7731.7450;    517.8408;      68.0;
1452;34;   6621.9576;    393.6644;      68.0;
1453;34;   7065.9773;    448.2512;      68.0;
1454;34;   7871.0707;    411.1865;      68.0;
1455;34;   7761.9488;    427.1140;      68.0;
1456;34;   7455.1335;    410.6286;      68.0;
1457;34;   7283.4620;    476.5192;      68.0;
1458;34;   7618.7646;    506.5459;      68.0;
1459;34;   7896.7666;    428.7378;      68.0;
1460;34;   6860.7863;    472.3489;      68.0;
1461;34;   7339.2765;    471.7526;      68.0;
1462;34;   7733.3489;    492.6826;      68.0;
1463;35;   8407.7926;    434.4961;      70.0;
1464;35;   7543.6261;    403.1262;      70.0;
1465;35;   8250.0755;    485.1368;      70.0;
1466;35;   7102.2843;    447.5999;      70.0;
1467;35;   8964.8486;    546.7587;      70.0;
1468;35;   8789.4009;    459.4355;      70.0;
1469;35;   8872.0229;    510.3279;      70.0;
1470;35;   6127.7851;    400.9664;      70.0;
1471;35;   7897.1620;    559.0504;      70.0;
1472;35;   7676.1012;    446.8843;      70.0;
1473;35;   7868.7424;    461.0225;      70.0;
1474;35;   7573.3934;    501.5272;      70.0;
1475;35;   8395.7786;    490.7385;      70.0;
1476;35;   8548.6759;    517.3328;      70.0;
1477;35;   7685.6104;    406.1358;      70.0;
1478;35;   9155.8829;    487.1483;      70.0;
1479;35;   8049.6868;    449.1052;      70.0;
1480;35;   8507.0551;    387.0509;      70.0;
1481;35;   8239.0795;    429.5084;      70.0;
1482;35;   7787.7541;    458.0245;      70.0;
1483;35;   7767.6817;    474.7521;      70.0;
1484;35;   7330.4486;    419.4925;      70.0;
1485;35;   7769.6124;    442.7626;      70.0;
1486;35;   7654.1422;    456.2866;      70.0;
1487;35;   7890.5616;    491.1476;      70.0;
1488;35;   7671.5196;    426.4929;      70.0;
1489;35;   8822.6973;    436.7934;      70.0;
1490;35;   6845.0435;    417.9006;      70.0;
1491;35;   8344.8179;    511.1721;      70.0;
1492;35;   7750.3784;    484.7886;      70.0;
1493;35;   9294.5197;    473.3021;      70.0;
1494;35;   7380.8357;    473.4288;      70.0;
1495;35;   8112.2741;    434.8858;      70.0;
1496;35;   6740.7220;    439.0310;      70.0;
1497;35;   8122.8064;    422.1712;      70.0;
1498;35;   6970.5802;    384.4103;      70.0;
1499;35;   8775.7811;    453.9072;      70.0;
1500;35;   8807.4646;    484.2623;      70.0;
1501;35;   8181.4166;    507.5426;      70.0;
1502;35;   7728.3787;    515.0828;      70.0;
1503;35;   7695.4303;    386.8957;      70.0;
1504;35;   7605.6831;    498.3338;      70.0;
1505;35;   7331.7208;    414.7932;      70.0;
