1;1;    173.0717;    173.0717;       1.0;
2;1;    162.2778;    162.2778;       1.0;
3;1;    256.3631;    256.3631;       1.0;
4;1;    300.4092;    300.4092;       1.0;
5;1;    126.1163;    126.1163;       1.0;
6;1;    318.6322;    318.6322;       1.0;
7;1;    174.6325;    174.6325;       1.0;
8;1;    109.0413;    109.0413;       1.0;
9;1;    217.7343;    217.7343;       1.0;
10;1;    156.9451;    156.9451;       1.0;
11;1;    113.3027;    113.3027;       1.0;
12;1;    276.2367;    276.2367;       1.0;
13;1;    100.6686;    100.6686;       1.0;
14;1;    285.2779;    285.2779;       1.0;
15;1;    174.4329;    174.4329;       1.0;
16;1;    175.7244;    175.7244;       1.0;
17;1;     67.1708;     67.1708;       1.0;
18;1;    220.6280;    220.6280;       1.0;
19;1;    207.9409;    207.9409;       1.0;
20;1;    151.9544;    151.9544;       1.0;
21;1;    238.6614;    238.6614;       1.0;
22;1;    165.9098;    165.9098;       1.0;
23;1;     68.9321;     68.9321;       1.0;
24;1;     53.7972;     53.7972;       1.0;
25;1;    150.4735;    150.4735;       1.0;
26;1;    114.2106;    114.2106;       1.0;
27;1;    159.6871;    159.6871;       1.0;
28;1;    229.9253;    229.9253;       1.0;
29;1;    154.3267;    154.3267;       1.0;
30;1;    364.1799;    364.1799;       1.0;
31;1;    291.4485;    291.4485;       1.0;
32;1;    322.1160;    322.1160;       1.0;
33;1;    144.2629;    144.2629;       1.0;
34;1;    326.5662;    326.5662;       1.0;
35;1;    309.5883;    309.5883;       1.0;
36;1;    294.8260;    294.8260;       1.0;
37;1;    175.9968;    175.9968;       1.0;
38;1;    109.5775;    109.5775;       1.0;
39;1;    186.7377;    186.7377;       1.0;
40;1;    191.6930;    191.6930;       1.0;
41;1;    225.6221;    225.6221;       1.0;
42;1;    416.9071;    416.9071;       1.0;
43;1;    289.3936;    289.3936;       1.0;
44;2;    383.4804;    310.1946;       2.0;
45;2;    452.5371;    315.5954;       2.0;
46;2;    408.9510;    256.3631;       2.0;
47;2;    442.7233;    290.6054;       2.0;
48;2;    761.5444;    415.2100;       2.0;
49;2;    357.1927;    328.6404;       2.0;
50;2;    457.9732;    262.3664;       2.0;
51;2;    253.3758;    133.1351;       2.0;
52;2;    408.1686;    257.6950;       2.0;
53;2;    526.2171;    268.4208;       2.0;
54;2;     81.5622;     49.6617;       2.0;
55;2;    617.3553;    395.8557;       2.0;
56;2;    266.3801;    172.8086;       2.0;
57;2;    257.8470;    169.4261;       2.0;
58;2;    403.7963;    270.0711;       2.0;
59;2;    608.9809;    317.0692;       2.0;
60;2;    272.3673;    163.3260;       2.0;
61;2;    585.9491;    333.8238;       2.0;
62;2;    399.1474;    326.5509;       2.0;
63;2;    117.2344;     85.0087;       2.0;
64;2;    366.8755;    296.1003;       2.0;
65;2;    618.4312;    336.1484;       2.0;
66;2;    622.6047;    381.7352;       2.0;
67;2;    482.6624;    467.1714;       2.0;
68;2;    574.6035;    360.1002;       2.0;
69;2;    359.2143;    249.5188;       2.0;
70;2;    336.8805;    272.6516;       2.0;
71;2;    417.6656;    262.5671;       2.0;
72;2;    306.6784;    213.2659;       2.0;
73;2;    360.0139;    276.3571;       2.0;
74;2;    395.9483;    279.4823;       2.0;
75;2;    277.5502;    153.6829;       2.0;
76;2;    404.3650;    379.4855;       2.0;
77;2;    282.8159;    224.0752;       2.0;
78;2;    217.2357;    132.9542;       2.0;
79;2;    302.5440;    232.9775;       2.0;
80;2;    507.5693;    283.4941;       2.0;
81;2;    591.6786;    383.2328;       2.0;
82;2;    409.3532;    300.3754;       2.0;
83;2;    582.9137;    395.8557;       2.0;
84;2;    297.6792;    178.2704;       2.0;
85;2;    404.0121;    355.7041;       2.0;
86;2;    481.6075;    288.0535;       2.0;
87;3;    451.4333;    252.8848;       3.0;
88;3;    631.3538;    390.7571;       3.0;
89;3;    954.2812;    375.0557;       3.0;
90;3;    612.3187;    248.2423;       3.0;
91;3;    448.2047;    308.1454;       3.0;
92;3;    849.0360;    306.9346;       3.0;
93;3;    578.7945;    287.7269;       3.0;
94;3;    780.9096;    304.7093;       3.0;
95;3;    983.9497;    436.9042;       3.0;
96;3;    598.8240;    367.7976;       3.0;
97;3;    773.8877;    299.2658;       3.0;
98;3;    788.2235;    334.1203;       3.0;
99;3;    416.5050;    199.8164;       3.0;
100;3;    570.3716;    222.7136;       3.0;
101;3;    715.7149;    402.8621;       3.0;
102;3;    693.5840;    387.9816;       3.0;
103;3;    739.0481;    345.8093;       3.0;
104;3;   1043.5911;    381.7352;       3.0;
105;3;    676.8658;    285.6266;       3.0;
106;3;    438.4600;    209.4839;       3.0;
107;3;    713.9816;    317.6083;       3.0;
108;3;    549.9762;    345.8992;       3.0;
109;3;    528.5124;    199.1444;       3.0;
110;3;    667.1590;    367.3599;       3.0;
111;3;    787.2926;    370.6136;       3.0;
112;3;    454.5672;    347.5681;       3.0;
113;3;    448.0431;    279.9288;       3.0;
114;3;    349.4024;    201.8804;       3.0;
115;3;    588.6911;    334.1203;       3.0;
116;3;    886.3062;    367.4033;       3.0;
117;3;    413.0106;    190.2881;       3.0;
118;3;    754.0810;    297.9324;       3.0;
119;3;    301.3752;    144.0576;       3.0;
120;3;    464.8198;    265.0492;       3.0;
121;3;    575.9561;    397.6395;       3.0;
122;3;    239.6552;    128.1771;       3.0;
123;3;    448.5072;    182.1745;       3.0;
124;3;    916.0755;    350.4091;       3.0;
125;3;    793.4091;    332.4168;       3.0;
126;3;    676.7670;    371.6094;       3.0;
127;3;   1012.7294;    383.6271;       3.0;
128;3;    657.5044;    306.6734;       3.0;
129;3;    686.9521;    337.8280;       3.0;
130;4;    622.3397;    266.2305;       4.0;
131;4;    997.6512;    368.5746;       4.0;
132;4;    655.8599;    197.0002;       4.0;
133;4;   1025.5814;    364.7340;       4.0;
134;4;    903.4453;    357.8264;       4.0;
135;4;   1420.6269;    412.2274;       4.0;
136;4;    860.2456;    339.3888;       4.0;
137;4;    983.6203;    360.1757;       4.0;
138;4;    480.9819;    268.1807;       4.0;
139;4;    633.2031;    241.8599;       4.0;
140;4;    736.6891;    230.7583;       4.0;
141;4;    970.8018;    398.4746;       4.0;
142;4;    270.9544;    146.9903;       4.0;
143;4;    865.3841;    329.8372;       4.0;
144;4;    970.8895;    439.9629;       4.0;
145;4;    975.1791;    353.3099;       4.0;
146;4;    845.2083;    279.7138;       4.0;
147;4;    925.4323;    396.2823;       4.0;
148;4;   1288.7731;    364.7340;       4.0;
149;4;    698.0456;    244.4961;       4.0;
150;4;    980.8331;    368.5746;       4.0;
151;4;    618.6302;    203.9386;       4.0;
152;4;    792.6639;    318.3920;       4.0;
153;4;    668.6409;    236.5272;       4.0;
154;4;    974.5766;    329.2272;       4.0;
155;4;    434.7934;    166.0774;       4.0;
156;4;    703.8299;    346.5866;       4.0;
157;4;   1031.4643;    353.1616;       4.0;
158;4;    579.1285;    236.5272;       4.0;
159;4;    599.3449;    241.4448;       4.0;
160;4;    994.7492;    325.8705;       4.0;
161;4;   1076.5906;    336.2709;       4.0;
162;4;   1300.3050;    402.4286;       4.0;
163;4;    964.2429;    437.8124;       4.0;
164;4;   1228.2969;    420.0135;       4.0;
165;4;    907.6741;    298.8306;       4.0;
166;4;    541.2519;    327.1602;       4.0;
167;4;    702.9017;    320.0385;       4.0;
168;4;    936.0795;    245.5862;       4.0;
169;4;   1002.5361;    419.3986;       4.0;
170;4;    744.9733;    240.5972;       4.0;
171;4;    696.1102;    231.1054;       4.0;
172;4;    866.7722;    395.8557;       4.0;
173;5;    778.2913;    281.7222;       5.0;
174;5;   1242.5970;    360.1002;       5.0;
175;5;   1031.7021;    297.5725;       5.0;
176;5;   1195.2206;    390.4495;       5.0;
177;5;    981.3494;    296.0092;       5.0;
178;5;   1243.8733;    325.5812;       5.0;
179;5;   1085.6965;    336.9492;       5.0;
180;5;   1353.9238;    358.0018;       5.0;
181;5;    873.0052;    223.8870;       5.0;
182;5;    945.7711;    325.7021;       5.0;
183;5;    986.0521;    354.2728;       5.0;
184;5;   1148.0843;    282.1500;       5.0;
185;5;    762.0875;    279.7208;       5.0;
186;5;    977.3214;    279.2199;       5.0;
187;5;   1138.7933;    429.1748;       5.0;
188;5;   1057.8548;    362.5062;       5.0;
189;5;    692.2647;    280.9253;       5.0;
190;5;   1158.9387;    312.6705;       5.0;
191;5;   1352.1062;    407.4786;       5.0;
192;5;    895.7533;    331.2012;       5.0;
193;5;    997.7269;    265.1482;       5.0;
194;5;   1067.1713;    400.0656;       5.0;
195;5;   1043.7989;    336.0665;       5.0;
196;5;   1025.5259;    296.6053;       5.0;
197;5;    914.8381;    323.6098;       5.0;
198;5;   1212.1835;    276.4156;       5.0;
199;5;    950.6431;    440.9622;       5.0;
200;5;   1035.5812;    257.7958;       5.0;
201;5;   1275.6772;    407.4786;       5.0;
202;5;    784.2005;    302.9625;       5.0;
203;5;    751.3231;    204.0995;       5.0;
204;5;   1376.7520;    334.1203;       5.0;
205;5;   1135.2717;    284.6448;       5.0;
206;5;    905.9285;    227.3727;       5.0;
207;5;   1286.6508;    334.1203;       5.0;
208;5;   1572.2927;    372.5949;       5.0;
209;5;   1208.5702;    390.8374;       5.0;
210;5;    825.9161;    265.2677;       5.0;
211;5;   1195.7838;    340.6031;       5.0;
212;5;    530.0375;    211.9688;       5.0;
213;5;    634.1072;    341.1726;       5.0;
214;5;    876.3298;    325.7622;       5.0;
215;5;   1069.5411;    317.6496;       5.0;
216;6;   1392.1653;    411.3192;       6.0;
217;6;    989.6255;    285.8528;       6.0;
218;6;   1557.2244;    418.5661;       6.0;
219;6;   1257.3819;    302.1916;       6.0;
220;6;    833.6626;    281.9003;       6.0;
221;6;   1593.4591;    406.2692;       6.0;
222;6;   1209.2892;    355.7041;       6.0;
223;6;   1379.8649;    375.9639;       6.0;
224;6;   1280.8038;    279.7138;       6.0;
225;6;   1163.2394;    260.7925;       6.0;
226;6;   1160.6865;    372.5949;       6.0;
227;6;   1183.6451;    286.4100;       6.0;
228;6;   1365.5536;    391.5479;       6.0;
229;6;   1067.1638;    296.2725;       6.0;
230;6;   1349.6872;    353.3099;       6.0;
231;6;   1375.3321;    379.6824;       6.0;
232;6;   1632.9732;    335.0966;       6.0;
233;6;   1551.2639;    387.0734;       6.0;
234;6;   1617.1065;    375.0557;       6.0;
235;6;   1167.5738;    349.6912;       6.0;
236;6;   1436.9594;    326.8098;       6.0;
237;6;   1216.9087;    332.5520;       6.0;
238;6;   1351.1372;    389.9467;       6.0;
239;6;   1467.2448;    335.8543;       6.0;
240;6;   1516.7891;    444.8028;       6.0;
241;6;   1691.1913;    454.9415;       6.0;
242;6;   1382.0850;    394.4882;       6.0;
243;6;   1168.4449;    374.7455;       6.0;
244;6;   1645.5327;    372.3300;       6.0;
245;6;    859.3291;    298.4277;       6.0;
246;6;   1271.2377;    332.6446;       6.0;
247;6;   1004.6568;    276.8791;       6.0;
248;6;   1210.0117;    337.2583;       6.0;
249;6;   1271.0268;    317.0261;       6.0;
250;6;   1466.9549;    364.1799;       6.0;
251;6;   1492.3663;    379.6824;       6.0;
252;6;   1359.0091;    415.9990;       6.0;
253;6;   1126.5759;    358.1134;       6.0;
254;6;   1308.4510;    279.7208;       6.0;
255;6;   1338.5725;    357.6640;       6.0;
256;6;   1282.2983;    365.3433;       6.0;
257;6;   1077.8764;    285.0391;       6.0;
258;6;   1169.6222;    311.7076;       6.0;
259;7;   1052.1084;    324.5360;       7.0;
260;7;   1827.2286;    385.9792;       7.0;
261;7;   1550.9136;    366.5207;       7.0;
262;7;   1343.0289;    306.6734;       7.0;
263;7;   1581.8200;    381.7352;       7.0;
264;7;   1205.0674;    428.7805;       7.0;
265;7;   1403.0383;    313.7677;       7.0;
266;7;   2271.1968;    468.0796;       7.0;
267;7;   1374.5555;    298.8953;       7.0;
268;7;   1610.4521;    407.4628;       7.0;
269;7;   1278.3139;    325.7622;       7.0;
270;7;   1334.8124;    416.1729;       7.0;
271;7;   1689.9992;    390.7571;       7.0;
272;7;   1294.8528;    341.1111;       7.0;
273;7;   1684.5897;    345.8396;       7.0;
274;7;   1391.3749;    318.6322;       7.0;
275;7;   1086.6179;    257.2306;       7.0;
276;7;   1514.7956;    409.7826;       7.0;
277;7;   1559.4181;    388.2989;       7.0;
278;7;   1433.7269;    269.7679;       7.0;
279;7;   1682.2251;    414.8386;       7.0;
280;7;   1931.8020;    402.8229;       7.0;
281;7;   1670.8696;    439.9993;       7.0;
282;7;   1345.9701;    304.6572;       7.0;
283;7;   1379.3318;    367.7976;       7.0;
284;7;   1751.6875;    382.1295;       7.0;
285;7;   1073.9718;    300.7842;       7.0;
286;7;   1829.9830;    312.9659;       7.0;
287;7;   1160.5534;    259.5249;       7.0;
288;7;   1550.5379;    414.4444;       7.0;
289;7;   1092.7503;    250.1998;       7.0;
290;7;   1179.5364;    312.2226;       7.0;
291;7;   1515.9490;    396.2823;       7.0;
292;7;   1910.9110;    467.1714;       7.0;
293;7;   1235.1976;    360.1002;       7.0;
294;7;   1379.6820;    322.6387;       7.0;
295;7;   1561.6281;    298.9756;       7.0;
296;7;   1484.9196;    321.7580;       7.0;
297;7;   1647.1100;    332.0830;       7.0;
298;7;   1553.3578;    369.0884;       7.0;
299;7;   1365.9447;    308.7304;       7.0;
300;7;   1455.7336;    386.9968;       7.0;
301;7;   1640.0717;    335.1401;       7.0;
302;8;   1418.9131;    320.3441;       8.0;
303;8;   1651.5101;    433.5293;       8.0;
304;8;   1277.2348;    260.6531;       8.0;
305;8;   1361.0377;    269.3889;       8.0;
306;8;   1738.5087;    353.3099;       8.0;
307;8;   1742.4867;    354.8802;       8.0;
308;8;   1893.1830;    419.3986;       8.0;
309;8;   1969.7176;    367.3599;       8.0;
310;8;   1544.6037;    284.1620;       8.0;
311;8;   1550.5475;    319.0651;       8.0;
312;8;   1543.9516;    391.7455;       8.0;
313;8;   1733.8939;    439.9629;       8.0;
314;8;   1614.9670;    331.4138;       8.0;
315;8;   1584.7202;    400.0656;       8.0;
316;8;   1701.1092;    394.1156;       8.0;
317;8;   1174.5737;    232.5399;       8.0;
318;8;   1223.5380;    270.3327;       8.0;
319;8;   1825.5728;    303.4842;       8.0;
320;8;   1736.1743;    375.0557;       8.0;
321;8;   1549.7307;    428.7805;       8.0;
322;8;   1391.7273;    334.9177;       8.0;
323;8;   1695.2216;    321.6263;       8.0;
324;8;   2090.5696;    360.1002;       8.0;
325;8;   1896.0765;    356.0857;       8.0;
326;8;   1322.8941;    345.8992;       8.0;
327;8;   1314.8782;    296.9301;       8.0;
328;8;   1839.9883;    325.8528;       8.0;
329;8;   1586.3145;    345.8992;       8.0;
330;8;   1395.9473;    330.9242;       8.0;
331;8;   1382.0158;    297.7803;       8.0;
332;8;   1966.9752;    437.8124;       8.0;
333;8;   1418.9212;    364.5704;       8.0;
334;8;   1331.6934;    445.0407;       8.0;
335;8;   1683.3699;    339.3888;       8.0;
336;8;   1693.7373;    368.5746;       8.0;
337;8;   1991.8660;    386.0339;       8.0;
338;8;   1380.8981;    329.8372;       8.0;
339;8;   1943.7957;    418.2850;       8.0;
340;8;   1617.5459;    332.2547;       8.0;
341;8;   1486.4890;    368.4630;       8.0;
342;8;   2294.0200;    416.9071;       8.0;
343;8;   1801.6613;    350.5343;       8.0;
344;8;   1845.6911;    359.7669;       8.0;
345;9;   2171.1404;    413.4815;       9.0;
346;9;   1838.8615;    390.7571;       9.0;
347;9;   1965.9486;    379.1283;       9.0;
348;9;   1430.1042;    358.2369;       9.0;
349;9;   2024.4066;    367.3937;       9.0;
350;9;   1962.1174;    404.8951;       9.0;
351;9;   2070.1766;    382.1295;       9.0;
352;9;   2306.8900;    322.1160;       9.0;
353;9;   2021.0620;    312.4401;       9.0;
354;9;   2082.4447;    358.1134;       9.0;
355;9;   2426.4260;    397.2452;       9.0;
356;9;   2155.3179;    398.4746;       9.0;
357;9;   2110.2482;    412.5527;       9.0;
358;9;   1824.8884;    285.5067;       9.0;
359;9;   1829.4297;    313.7677;       9.0;
360;9;   1813.0726;    416.5671;       9.0;
361;9;   2307.5474;    433.4579;       9.0;
362;9;   1391.8029;    369.4827;       9.0;
363;9;   1876.2666;    454.5473;       9.0;
364;9;   1527.7478;    257.2239;       9.0;
365;9;   1964.9665;    395.8557;       9.0;
366;9;   2534.1321;    372.7079;       9.0;
367;9;   2100.5726;    324.7675;       9.0;
368;9;   1252.8719;    347.5578;       9.0;
369;9;   1421.1279;    342.5799;       9.0;
370;9;   1180.6053;    303.6440;       9.0;
371;9;   2436.6308;    357.4447;       9.0;
372;9;   2174.8706;    353.7187;       9.0;
373;9;   1802.2207;    389.9467;       9.0;
374;9;   1785.2914;    358.1134;       9.0;
375;9;   1524.9359;    345.8992;       9.0;
376;9;   2245.9701;    409.7826;       9.0;
377;9;   2310.8243;    350.1608;       9.0;
378;9;   1694.1674;    362.5062;       9.0;
379;9;   1851.3619;    349.6912;       9.0;
380;9;   2071.2458;    419.1931;       9.0;
381;9;   2065.3937;    404.8951;       9.0;
382;9;   2187.5755;    411.3192;       9.0;
383;9;   1743.5859;    339.3888;       9.0;
384;9;   2041.1610;    368.4630;       9.0;
385;9;   1682.2878;    361.1241;       9.0;
386;9;   1796.6882;    321.2665;       9.0;
387;9;   2326.7520;    378.9284;       9.0;
388;10;   1694.7082;    307.1884;      10.0;
389;10;   2232.8111;    338.9803;      10.0;
390;10;   2436.9692;    419.1931;      10.0;
391;10;   2147.7664;    387.9816;      10.0;
392;10;   2029.7722;    384.8896;      10.0;
393;10;   1536.2557;    294.7431;      10.0;
394;10;   2355.1901;    309.8575;      10.0;
395;10;   2379.7707;    322.1160;      10.0;
396;10;   1962.4839;    311.3168;      10.0;
397;10;   2092.2923;    439.9629;      10.0;
398;10;   2122.4090;    379.2957;      10.0;
399;10;   2310.0730;    433.5293;      10.0;
400;10;   1702.6877;    300.6059;      10.0;
401;10;   2176.8083;    414.8386;      10.0;
402;10;   2486.9846;    385.5758;      10.0;
403;10;   2342.2723;    353.9756;      10.0;
404;10;   2096.9900;    394.4986;      10.0;
405;10;   2215.2890;    345.8396;      10.0;
406;10;   1997.9008;    330.7856;      10.0;
407;10;   2551.4519;    347.1817;      10.0;
408;10;   1946.0634;    305.7963;      10.0;
409;10;   2116.1370;    324.2981;      10.0;
410;10;   1742.7748;    292.3891;      10.0;
411;10;   1842.9508;    325.3216;      10.0;
412;10;   2638.9864;    347.0099;      10.0;
413;10;   1724.5955;    362.0966;      10.0;
414;10;   2104.9846;    350.5343;      10.0;
415;10;   1688.1252;    323.5156;      10.0;
416;10;   2154.4930;    365.5812;      10.0;
417;10;   2299.8895;    305.0673;      10.0;
418;10;   2378.2496;    327.0014;      10.0;
419;10;   2134.7873;    397.9150;      10.0;
420;10;   2210.6550;    413.4408;      10.0;
421;10;   2500.2740;    439.0548;      10.0;
422;10;   2219.6201;    364.5704;      10.0;
423;10;   1932.1761;    370.6136;      10.0;
424;10;   1962.8963;    379.6824;      10.0;
425;10;   1968.9104;    369.4827;      10.0;
426;10;   2040.6589;    395.8557;      10.0;
427;10;   1885.1286;    366.4405;      10.0;
428;10;   1922.1488;    359.0800;      10.0;
429;10;   2063.4279;    376.5995;      10.0;
430;10;   2355.7698;    428.1822;      10.0;
431;11;   2031.1780;    458.3879;      11.0;
432;11;   2259.4010;    367.3599;      11.0;
433;11;   2408.6267;    419.1931;      11.0;
434;11;   2604.9118;    416.5671;      11.0;
435;11;   2472.2506;    428.7805;      11.0;
436;11;   1821.6665;    312.4401;      11.0;
437;11;   2747.4551;    402.4286;      11.0;
438;11;   2469.2407;    398.4746;      11.0;
439;11;   2856.8663;    398.4746;      11.0;
440;11;   2816.5291;    462.3680;      11.0;
441;11;   2154.8431;    347.6402;      11.0;
442;11;   2670.8856;    420.0135;      11.0;
443;11;   1988.6965;    313.6454;      11.0;
444;11;   2200.4384;    418.2850;      11.0;
445;11;   2594.4517;    441.5944;      11.0;
446;11;   2759.7381;    385.5758;      11.0;
447;11;   2552.7294;    338.9803;      11.0;
448;11;   2533.9276;    396.1975;      11.0;
449;11;   2855.9424;    325.7159;      11.0;
450;11;   2712.1355;    352.4805;      11.0;
451;11;   2590.9524;    419.3986;      11.0;
452;11;   1474.0880;    317.9342;      11.0;
453;11;   1888.6708;    317.6496;      11.0;
454;11;   2361.0077;    351.5723;      11.0;
455;11;   2259.1794;    434.2513;      11.0;
456;11;   2672.1696;    372.7079;      11.0;
457;11;   2402.7360;    433.0636;      11.0;
458;11;   2637.2472;    467.8417;      11.0;
459;11;   2341.9259;    364.4588;      11.0;
460;11;   2770.2546;    371.4082;      11.0;
461;11;   2754.5888;    412.1584;      11.0;
462;11;   2179.5298;    387.0734;      11.0;
463;11;   2492.8768;    440.2372;      11.0;
464;11;   2539.0329;    344.1938;      11.0;
465;11;   2276.2053;    375.9639;      11.0;
466;11;   2165.4996;    407.4628;      11.0;
467;11;   2090.4242;    280.5812;      11.0;
468;11;   2239.1663;    386.9968;      11.0;
469;11;   2142.3624;    329.8940;      11.0;
470;11;   2355.2129;    454.9415;      11.0;
471;11;   2038.4000;    372.5949;      11.0;
472;11;   2581.7200;    407.4628;      11.0;
473;11;   1928.9446;    314.7439;      11.0;
474;12;   2778.4635;    400.0656;      12.0;
475;12;   2187.9683;    463.4873;      12.0;
476;12;   2841.5807;    402.4286;      12.0;
477;12;   2931.4810;    407.1774;      12.0;
478;12;   2387.2228;    348.2585;      12.0;
479;12;   2257.9235;    434.2513;      12.0;
480;12;   3231.4435;    419.1931;      12.0;
481;12;   2842.5736;    322.1834;      12.0;
482;12;   2794.1375;    375.9639;      12.0;
483;12;   2755.7177;    367.3599;      12.0;
484;12;   2455.0985;    339.6949;      12.0;
485;12;   2858.8923;    454.9415;      12.0;
486;12;   2694.5396;    407.2582;      12.0;
487;12;   3515.0158;    414.4444;      12.0;
488;12;   2200.6549;    386.9968;      12.0;
489;12;   2871.5978;    463.0930;      12.0;
490;12;   2243.7541;    303.5104;      12.0;
491;12;   2431.7804;    372.5949;      12.0;
492;12;   1934.5939;    344.5338;      12.0;
493;12;   2310.2643;    386.0339;      12.0;
494;12;   2606.9321;    348.3770;      12.0;
495;12;   2802.2513;    414.4444;      12.0;
496;12;   2445.9156;    445.7110;      12.0;
497;12;   2361.5026;    406.5157;      12.0;
498;12;   1989.2264;    388.1298;      12.0;
499;12;   2190.5962;    296.5103;      12.0;
500;12;   2345.6147;    375.0557;      12.0;
501;12;   2272.1344;    317.3673;      12.0;
502;12;   2813.5248;    379.4855;      12.0;
503;12;   2487.0106;    378.9284;      12.0;
504;12;   2616.9481;    435.6085;      12.0;
505;12;   2757.9821;    416.2464;      12.0;
506;12;   2493.0000;    327.3532;      12.0;
507;12;   1995.5667;    437.8124;      12.0;
508;12;   2142.9053;    376.9910;      12.0;
509;12;   2785.3617;    402.8621;      12.0;
510;12;   2777.7037;    395.4615;      12.0;
511;12;   2831.9053;    368.3118;      12.0;
512;12;   2513.0513;    300.4547;      12.0;
513;12;   2315.0726;    325.8705;      12.0;
514;12;   2746.5246;    380.0767;      12.0;
515;12;   2878.1812;    387.7119;      12.0;
516;12;   2084.8714;    264.9506;      12.0;
517;13;   2618.4523;    391.3100;      13.0;
518;13;   2426.3261;    378.9284;      13.0;
519;13;   3236.8617;    454.5473;      13.0;
520;13;   2898.7934;    412.1584;      13.0;
521;13;   2812.7805;    362.0966;      13.0;
522;13;   2121.4220;    415.9990;      13.0;
523;13;   2725.4969;    413.6786;      13.0;
524;13;   2314.7012;    419.1931;      13.0;
525;13;   3185.9064;    391.5479;      13.0;
526;13;   2938.2376;    317.7511;      13.0;
527;13;   2875.6054;    427.8176;      13.0;
528;13;   2435.0001;    354.6671;      13.0;
529;13;   2733.4741;    368.4630;      13.0;
530;13;   2775.0861;    332.6446;      13.0;
531;13;   2469.7454;    432.6211;      13.0;
532;13;   3129.4722;    396.4354;      13.0;
533;13;   2198.6502;    387.0734;      13.0;
534;13;   2519.5076;    445.7110;      13.0;
535;13;   2865.7036;    397.2452;      13.0;
536;13;   2521.4627;    379.1416;      13.0;
537;13;   2602.6436;    381.7352;      13.0;
538;13;   3524.3394;    467.8417;      13.0;
539;13;   2747.9975;    372.5949;      13.0;
540;13;   3072.1800;    401.4658;      13.0;
541;13;   3168.8977;    454.5473;      13.0;
542;13;   2536.6784;    339.9124;      13.0;
543;13;   3126.6437;    429.1748;      13.0;
544;13;   2021.2176;    324.8420;      13.0;
545;13;   2102.8791;    346.3345;      13.0;
546;13;   3206.3849;    378.2878;      13.0;
547;13;   2874.6952;    348.0842;      13.0;
548;13;   1871.6385;    254.0176;      13.0;
549;13;   2759.3817;    346.5866;      13.0;
550;13;   2320.9886;    453.5844;      13.0;
551;13;   2238.1877;    334.6508;      13.0;
552;13;   2697.5583;    383.5230;      13.0;
553;13;   3448.6788;    444.8028;      13.0;
554;13;   3721.7099;    418.2850;      13.0;
555;13;   2726.9896;    385.5620;      13.0;
556;13;   2642.4023;    390.3628;      13.0;
557;13;   3058.7722;    402.8229;      13.0;
558;13;   2906.4729;    419.3986;      13.0;
559;13;   2593.3526;    346.4289;      13.0;
560;14;   2788.1601;    380.7723;      14.0;
561;14;   3055.5422;    454.9415;      14.0;
562;14;   3000.9585;    388.2690;      14.0;
563;14;   2521.8504;    374.7455;      14.0;
564;14;   3549.1027;    406.0514;      14.0;
565;14;   2783.4359;    396.2823;      14.0;
566;14;   3189.1372;    416.5671;      14.0;
567;14;   2824.0301;    441.5944;      14.0;
568;14;   3156.9933;    336.2709;      14.0;
569;14;   2684.2171;    355.2142;      14.0;
570;14;   2574.6240;    364.1799;      14.0;
571;14;   3288.6645;    419.1931;      14.0;
572;14;   2500.8207;    454.5473;      14.0;
573;14;   2863.5026;    355.2142;      14.0;
574;14;   3816.1289;    453.5844;      14.0;
575;14;   3058.2363;    337.3446;      14.0;
576;14;   2815.7674;    345.8992;      14.0;
577;14;   2920.3748;    416.1729;      14.0;
578;14;   3397.8976;    387.7119;      14.0;
579;14;   3459.3810;    386.9968;      14.0;
580;14;   3169.9704;    350.5343;      14.0;
581;14;   2452.9959;    369.4827;      14.0;
582;14;   2751.8253;    384.4311;      14.0;
583;14;   2618.5079;    366.5207;      14.0;
584;14;   3186.9024;    369.7421;      14.0;
585;14;   2723.2746;    335.1401;      14.0;
586;14;   2471.9498;    394.1156;      14.0;
587;14;   3164.7781;    367.3599;      14.0;
588;14;   2866.6363;    312.8048;      14.0;
589;14;   2795.4642;    313.9308;      14.0;
590;14;   3026.1278;    317.4967;      14.0;
591;14;   2705.8530;    397.9150;      14.0;
592;14;   3417.8074;    453.5844;      14.0;
593;14;   2545.8038;    393.6319;      14.0;
594;14;   3713.9078;    399.3021;      14.0;
595;14;   2690.3441;    342.5799;      14.0;
596;14;   2763.0213;    406.5157;      14.0;
597;14;   2681.3516;    386.0339;      14.0;
598;14;   2809.1249;    391.5479;      14.0;
599;14;   2385.7494;    353.1616;      14.0;
600;14;   2614.1855;    383.5230;      14.0;
601;14;   2965.8620;    428.7805;      14.0;
602;14;   2870.8845;    394.0785;      14.0;
603;15;   3675.0361;    407.1774;      15.0;
604;15;   3178.7467;    411.1955;      15.0;
605;15;   2888.6365;    345.8992;      15.0;
606;15;   3990.8599;    402.8229;      15.0;
607;15;   2835.2898;    329.0506;      15.0;
608;15;   3064.9363;    317.4967;      15.0;
609;15;   2664.1066;    398.7302;      15.0;
610;15;   2567.6806;    284.5521;      15.0;
611;15;   3450.7929;    376.5995;      15.0;
612;15;   2874.8983;    388.1298;      15.0;
613;15;   2822.3451;    411.3192;      15.0;
614;15;   2949.1729;    433.0636;      15.0;
615;15;   3497.8314;    347.1817;      15.0;
616;15;   3078.3372;    358.0018;      15.0;
617;15;   2780.4583;    385.9792;      15.0;
618;15;   3214.1306;    359.0215;      15.0;
619;15;   3163.6716;    383.4114;      15.0;
620;15;   3779.3678;    394.2034;      15.0;
621;15;   3385.0900;    400.0656;      15.0;
622;15;   3304.7021;    407.4628;      15.0;
623;15;   3105.9766;    441.2001;      15.0;
624;15;   3000.0349;    334.8914;      15.0;
625;15;   3334.8868;    394.2034;      15.0;
626;15;   3180.0777;    360.1524;      15.0;
627;15;   3105.6713;    349.8437;      15.0;
628;15;   3700.6895;    445.9488;      15.0;
629;15;   2863.7126;    380.7723;      15.0;
630;15;   3372.6727;    343.9754;      15.0;
631;15;   3549.6153;    468.0796;      15.0;
632;15;   3331.7589;    334.6508;      15.0;
633;15;   3114.9137;    326.5509;      15.0;
634;15;   3457.8759;    409.7826;      15.0;
635;15;   3680.8901;    401.9940;      15.0;
636;15;   3624.4356;    458.3879;      15.0;
637;15;   2910.5836;    466.9336;      15.0;
638;15;   3191.0545;    435.2142;      15.0;
639;15;   3395.0090;    367.3599;      15.0;
640;15;   3555.0237;    433.5293;      15.0;
641;15;   2823.6673;    439.0548;      15.0;
642;15;   3515.4033;    415.2100;      15.0;
643;15;   3070.9880;    415.2100;      15.0;
644;15;   3299.4338;    341.1726;      15.0;
645;15;   3514.6348;    367.3937;      15.0;
646;16;   3622.4321;    351.4060;      16.0;
647;16;   3630.3117;    435.2142;      16.0;
648;16;   3350.0754;    365.0740;      16.0;
649;16;   3592.7149;    459.2960;      16.0;
650;16;   2927.9887;    396.1975;      16.0;
651;16;   3396.3825;    350.6968;      16.0;
652;16;   3124.2712;    304.3150;      16.0;
653;16;   3149.0609;    390.7571;      16.0;
654;16;   3678.3571;    404.8951;      16.0;
655;16;   3023.5365;    322.3962;      16.0;
656;16;   3170.9110;    344.5338;      16.0;
657;16;   2902.3605;    385.5758;      16.0;
658;16;   3188.9856;    380.7313;      16.0;
659;16;   3269.1362;    351.3635;      16.0;
660;16;   3599.6029;    437.8124;      16.0;
661;16;   3447.4350;    432.6211;      16.0;
662;16;   3709.8578;    414.8386;      16.0;
663;16;   3533.7399;    365.1283;      16.0;
664;16;   3727.3291;    413.4815;      16.0;
665;16;   4110.0263;    406.5157;      16.0;
666;16;   3257.6814;    396.2823;      16.0;
667;16;   3542.6659;    359.7669;      16.0;
668;16;   3705.2482;    325.5812;      16.0;
669;16;   3319.9995;    365.3433;      16.0;
670;16;   3001.3300;    400.0656;      16.0;
671;16;   3173.7359;    419.1931;      16.0;
672;16;   3823.7824;    382.1295;      16.0;
673;16;   4170.4578;    406.5157;      16.0;
674;16;   3226.6050;    414.4444;      16.0;
675;16;   3720.1870;    409.7826;      16.0;
676;16;   2758.2532;    393.6319;      16.0;
677;16;   3516.5061;    433.5293;      16.0;
678;16;   3200.4454;    323.9244;      16.0;
679;16;   3272.0757;    416.0085;      16.0;
680;16;   4047.7132;    463.4873;      16.0;
681;16;   3841.9031;    399.3021;      16.0;
682;16;   3686.9378;    376.5995;      16.0;
683;16;   3604.3421;    435.6085;      16.0;
684;16;   3260.1624;    405.8136;      16.0;
685;16;   2862.7174;    366.5207;      16.0;
686;16;   3333.9953;    402.8621;      16.0;
687;16;   2951.6891;    379.2957;      16.0;
688;16;   2964.4098;    348.5483;      16.0;
689;17;   2868.8979;    370.2522;      17.0;
690;17;   3697.1910;    463.0930;      17.0;
691;17;   3882.5177;    380.7313;      17.0;
692;17;   3097.5618;    343.7996;      17.0;
693;17;   3765.1935;    434.2513;      17.0;
694;17;   3542.9083;    445.7110;      17.0;
695;17;   3702.6354;    343.2784;      17.0;
696;17;   3821.0168;    365.1283;      17.0;
697;17;   4023.2129;    432.6211;      17.0;
698;17;   2839.6777;    314.7439;      17.0;
699;17;   4011.9160;    369.6797;      17.0;
700;17;   3301.4963;    420.0135;      17.0;
701;17;   3481.5436;    333.5807;      17.0;
702;17;   3294.7776;    330.5056;      17.0;
703;17;   3792.8078;    409.7826;      17.0;
704;17;   3806.4005;    364.1799;      17.0;
705;17;   3092.3277;    355.7041;      17.0;
706;17;   3573.4799;    428.7805;      17.0;
707;17;   3372.2838;    352.7764;      17.0;
708;17;   3494.4022;    445.9488;      17.0;
709;17;   3348.3437;    435.6085;      17.0;
710;17;   3669.0683;    396.4354;      17.0;
711;17;   4225.7379;    407.0203;      17.0;
712;17;   3711.7327;    388.2690;      17.0;
713;17;   4104.7098;    406.2692;      17.0;
714;17;   3525.6969;    427.8176;      17.0;
715;17;   3682.6018;    467.1714;      17.0;
716;17;   3816.7482;    364.1799;      17.0;
717;17;   3020.2410;    386.4840;      17.0;
718;17;   3231.4150;    376.9910;      17.0;
719;17;   4102.8626;    459.2960;      17.0;
720;17;   3185.2880;    336.0665;      17.0;
721;17;   3119.7113;    293.2323;      17.0;
722;17;   3796.1171;    402.6242;      17.0;
723;17;   2715.0501;    386.9968;      17.0;
724;17;   3441.3133;    432.1007;      17.0;
725;17;   3588.2198;    372.1521;      17.0;
726;17;   2993.8168;    330.7856;      17.0;
727;17;   3838.5154;    427.8176;      17.0;
728;17;   4072.1995;    453.5844;      17.0;
729;17;   3873.2621;    337.8280;      17.0;
730;17;   3756.3313;    407.1774;      17.0;
731;17;   3062.0003;    387.9816;      17.0;
732;18;   3367.8938;    407.4628;      18.0;
733;18;   4049.9235;    378.7195;      18.0;
734;18;   3438.1052;    343.9754;      18.0;
735;18;   4045.6911;    463.4873;      18.0;
736;18;   4137.9127;    371.6094;      18.0;
737;18;   4176.7404;    367.3599;      18.0;
738;18;   3568.8577;    358.1134;      18.0;
739;18;   4370.5652;    439.9993;      18.0;
740;18;   3671.5708;    418.5661;      18.0;
741;18;   4218.3736;    389.9467;      18.0;
742;18;   2932.0055;    366.1383;      18.0;
743;18;   3518.4024;    306.2315;      18.0;
744;18;   3898.9217;    397.2452;      18.0;
745;18;   3632.4339;    350.6968;      18.0;
746;18;   3912.5435;    420.9216;      18.0;
747;18;   3368.3882;    407.0203;      18.0;
748;18;   3459.2881;    389.9467;      18.0;
749;18;   3789.9915;    394.4986;      18.0;
750;18;   4428.5569;    439.9629;      18.0;
751;18;   3801.2742;    366.1383;      18.0;
752;18;   4014.6781;    375.9639;      18.0;
753;18;   3804.0342;    367.3599;      18.0;
754;18;   3755.8591;    396.2823;      18.0;
755;18;   3872.0447;    445.0407;      18.0;
756;18;   4033.1662;    400.0656;      18.0;
757;18;   3589.3975;    414.4444;      18.0;
758;18;   3990.2820;    338.9803;      18.0;
759;18;   3232.8343;    406.5157;      18.0;
760;18;   3596.7523;    378.7195;      18.0;
761;18;   3788.4814;    432.6211;      18.0;
762;18;   3982.4415;    395.8557;      18.0;
763;18;   3811.3472;    401.0858;      18.0;
764;18;   3715.0735;    367.7976;      18.0;
765;18;   3318.0943;    412.1584;      18.0;
766;18;   3289.5812;    322.1160;      18.0;
767;18;   3503.8433;    402.4286;      18.0;
768;18;   3924.9572;    385.9425;      18.0;
769;18;   3141.2066;    353.3099;      18.0;
770;18;   3077.3512;    402.6242;      18.0;
771;18;   3760.2352;    391.7455;      18.0;
772;18;   3836.3896;    418.2850;      18.0;
773;18;   3922.0588;    416.9071;      18.0;
774;18;   3772.2213;    427.8176;      18.0;
775;19;   4102.0369;    436.9042;      19.0;
776;19;   4219.4666;    388.1298;      19.0;
777;19;   4025.7939;    463.0930;      19.0;
778;19;   4064.4893;    411.3192;      19.0;
779;19;   4354.5519;    372.7079;      19.0;
780;19;   4342.2926;    418.3283;      19.0;
781;19;   3505.8989;    334.8914;      19.0;
782;19;   4586.5107;    411.1955;      19.0;
783;19;   3983.9254;    427.8176;      19.0;
784;19;   3785.7343;    359.5953;      19.0;
785;19;   3826.1913;    384.0158;      19.0;
786;19;   3487.3933;    349.3537;      19.0;
787;19;   4262.4548;    432.1007;      19.0;
788;19;   4105.8361;    407.2582;      19.0;
789;19;   3946.7316;    384.0158;      19.0;
790;19;   3710.1900;    377.0097;      19.0;
791;19;   3876.5821;    337.0966;      19.0;
792;19;   3565.9110;    335.8543;      19.0;
793;19;   3793.8131;    404.8951;      19.0;
794;19;   3684.0420;    405.8136;      19.0;
795;19;   4006.3466;    398.4746;      19.0;
796;19;   3558.7633;    316.9145;      19.0;
797;19;   4129.6486;    379.4855;      19.0;
798;19;   3392.2445;    371.2151;      19.0;
799;19;   3911.0760;    407.4786;      19.0;
800;19;   4355.1392;    391.5479;      19.0;
801;19;   4025.8967;    335.1401;      19.0;
802;19;   4494.7831;    432.1007;      19.0;
803;19;   3371.2816;    379.1283;      19.0;
804;19;   4609.6596;    463.0930;      19.0;
805;19;   3790.4197;    401.4658;      19.0;
806;19;   3725.4825;    371.2151;      19.0;
807;19;   3310.8397;    380.4935;      19.0;
808;19;   4125.0198;    432.6211;      19.0;
809;19;   3545.2911;    407.8729;      19.0;
810;19;   4376.2781;    386.4840;      19.0;
811;19;   4562.5989;    435.6085;      19.0;
812;19;   4192.7999;    453.5844;      19.0;
813;19;   3698.1916;    444.8028;      19.0;
814;19;   4463.7317;    445.9488;      19.0;
815;19;   4224.1658;    429.1748;      19.0;
816;19;   3857.3815;    453.5844;      19.0;
817;19;   3967.9593;    389.9467;      19.0;
818;20;   4104.2654;    454.5473;      20.0;
819;20;   4696.3964;    394.7260;      20.0;
820;20;   3774.5910;    381.0242;      20.0;
821;20;   4235.6327;    441.2001;      20.0;
822;20;   4085.2562;    376.9910;      20.0;
823;20;   4193.8484;    435.2142;      20.0;
824;20;   4527.7718;    348.2585;      20.0;
825;20;   4552.5455;    458.3879;      20.0;
826;20;   4127.4022;    384.0158;      20.0;
827;20;   4630.4031;    394.2034;      20.0;
828;20;   4449.7127;    407.4786;      20.0;
829;20;   4933.1320;    468.0796;      20.0;
830;20;   3837.2550;    416.0085;      20.0;
831;20;   4364.4585;    433.4579;      20.0;
832;20;   4043.6068;    328.4747;      20.0;
833;20;   4391.4597;    439.0548;      20.0;
834;20;   4581.7459;    344.1938;      20.0;
835;20;   4602.6183;    367.3937;      20.0;
836;20;   4243.4280;    402.8229;      20.0;
837;20;   4419.3584;    429.1748;      20.0;
838;20;   4455.8237;    394.4986;      20.0;
839;20;   3395.8600;    325.7501;      20.0;
840;20;   3997.9922;    338.9803;      20.0;
841;20;   5380.5302;    416.1729;      20.0;
842;20;   3707.2056;    463.7251;      20.0;
843;20;   4672.9356;    435.2142;      20.0;
844;20;   3944.1311;    414.8386;      20.0;
845;20;   4778.6355;    432.1007;      20.0;
846;20;   3892.5681;    327.1602;      20.0;
847;20;   4016.7035;    360.3128;      20.0;
848;20;   4496.2643;    385.9792;      20.0;
849;20;   4060.5470;    334.1203;      20.0;
850;20;   4172.4958;    418.2850;      20.0;
851;20;   4635.5140;    393.8778;      20.0;
852;20;   4048.5161;    380.7723;      20.0;
853;20;   4871.3285;    440.9622;      20.0;
854;20;   3994.6481;    367.3599;      20.0;
855;20;   4208.9979;    364.1799;      20.0;
856;20;   4556.1581;    413.4815;      20.0;
857;20;   4985.9789;    439.0548;      20.0;
858;20;   4216.4545;    433.5293;      20.0;
859;20;   4272.9459;    463.7251;      20.0;
860;20;   4440.8492;    389.9467;      20.0;
861;21;   3775.6983;    367.7976;      21.0;
862;21;   4966.9044;    411.3192;      21.0;
863;21;   5251.6954;    412.1584;      21.0;
864;21;   3921.0597;    433.5293;      21.0;
865;21;   4964.3434;    389.3999;      21.0;
866;21;   4109.2944;    359.7669;      21.0;
867;21;   4700.1577;    433.4579;      21.0;
868;21;   4858.3127;    372.7079;      21.0;
869;21;   5335.2857;    420.0135;      21.0;
870;21;   3931.9358;    441.3565;      21.0;
871;21;   4149.2715;    371.2439;      21.0;
872;21;   4001.6080;    394.1156;      21.0;
873;21;   4719.5862;    350.1608;      21.0;
874;21;   4106.7255;    348.2585;      21.0;
875;21;   3915.7408;    418.5661;      21.0;
876;21;   4444.6900;    385.9792;      21.0;
877;21;   3726.1377;    371.6094;      21.0;
878;21;   3883.3852;    396.2823;      21.0;
879;21;   5174.5031;    412.1584;      21.0;
880;21;   4239.2816;    458.3879;      21.0;
881;21;   3794.2402;    407.4628;      21.0;
882;21;   4412.2691;    412.2274;      21.0;
883;21;   3885.0851;    344.5338;      21.0;
884;21;   4591.6583;    418.3283;      21.0;
885;21;   4113.9735;    363.7711;      21.0;
886;21;   4589.3300;    458.3879;      21.0;
887;21;   4344.7285;    387.0734;      21.0;
888;21;   4592.2066;    385.1274;      21.0;
889;21;   4804.3054;    434.2513;      21.0;
890;21;   4213.1340;    329.0506;      21.0;
891;21;   4461.2489;    437.8124;      21.0;
892;21;   4785.0088;    439.9629;      21.0;
893;21;   4437.6936;    336.2486;      21.0;
894;21;   4725.6630;    467.8417;      21.0;
895;21;   4434.5761;    459.2960;      21.0;
896;21;   3702.5610;    406.5157;      21.0;
897;21;   4381.5941;    463.7251;      21.0;
898;21;   4127.1444;    360.7298;      21.0;
899;21;   5340.2304;    428.7805;      21.0;
900;21;   5397.6274;    439.0548;      21.0;
901;21;   4507.0682;    445.7110;      21.0;
902;21;   4787.3889;    463.3308;      21.0;
903;21;   4097.2282;    352.4805;      21.0;
904;22;   4827.5676;    351.8482;      22.0;
905;22;   5409.1822;    432.6211;      22.0;
906;22;   4841.2859;    366.5207;      22.0;
907;22;   4068.0048;    433.0636;      22.0;
908;22;   4390.0286;    418.3283;      22.0;
909;22;   4379.5703;    359.3179;      22.0;
910;22;   4075.4886;    379.2957;      22.0;
911;22;   4757.5786;    355.3442;      22.0;
912;22;   4923.9056;    440.9622;      22.0;
913;22;   3509.3747;    354.6828;      22.0;
914;22;   5237.6009;    453.5844;      22.0;
915;22;   4852.4473;    350.1608;      22.0;
916;22;   5137.4173;    441.5944;      22.0;
917;22;   5517.0218;    413.4815;      22.0;
918;22;   3936.3028;    441.5944;      22.0;
919;22;   4919.3592;    365.4785;      22.0;
920;22;   3881.9297;    302.7359;      22.0;
921;22;   5088.8716;    419.3986;      22.0;
922;22;   4609.0907;    393.6319;      22.0;
923;22;   4921.4815;    354.6671;      22.0;
924;22;   3777.7244;    317.2296;      22.0;
925;22;   4903.3385;    439.9629;      22.0;
926;22;   5799.4727;    372.5949;      22.0;
927;22;   5265.6513;    439.0548;      22.0;
928;22;   4642.0897;    467.1714;      22.0;
929;22;   5448.8617;    416.9071;      22.0;
930;22;   4573.1360;    371.6094;      22.0;
931;22;   4039.6777;    401.0858;      22.0;
932;22;   4637.0147;    390.7571;      22.0;
933;22;   4214.2499;    382.2700;      22.0;
934;22;   4262.0857;    351.5723;      22.0;
935;22;   5231.1003;    432.6211;      22.0;
936;22;   4616.5716;    390.8374;      22.0;
937;22;   5174.2873;    309.1416;      22.0;
938;22;   4932.5039;    416.9071;      22.0;
939;22;   4854.0689;    432.1007;      22.0;
940;22;   5292.8513;    388.2989;      22.0;
941;22;   4848.6008;    459.2960;      22.0;
942;22;   5106.3258;    419.1931;      22.0;
943;22;   4967.7345;    416.5671;      22.0;
944;22;   4826.7217;    415.2100;      22.0;
945;22;   4927.6837;    347.5578;      22.0;
946;22;   5054.6593;    437.8124;      22.0;
947;23;   5265.3924;    397.6395;      23.0;
948;23;   4814.0698;    459.2960;      23.0;
949;23;   4051.4111;    354.6671;      23.0;
950;23;   4331.6535;    397.6395;      23.0;
951;23;   5603.9063;    439.9629;      23.0;
952;23;   4254.4107;    396.1975;      23.0;
953;23;   4322.2191;    401.4658;      23.0;
954;23;   4553.5557;    401.9940;      23.0;
955;23;   5105.4602;    384.8896;      23.0;
956;23;   4553.4308;    391.3100;      23.0;
957;23;   4490.3846;    367.3937;      23.0;
958;23;   5380.1339;    386.0339;      23.0;
959;23;   4214.3676;    347.5681;      23.0;
960;23;   5129.0429;    350.1608;      23.0;
961;23;   5272.7286;    466.9336;      23.0;
962;23;   5215.1392;    378.9284;      23.0;
963;23;   5664.6753;    387.4741;      23.0;
964;23;   5073.4062;    379.6824;      23.0;
965;23;   5146.1438;    397.6395;      23.0;
966;23;   4351.5782;    394.2034;      23.0;
967;23;   4937.7508;    407.4628;      23.0;
968;23;   4673.8532;    372.3300;      23.0;
969;23;   3682.8024;    384.8896;      23.0;
970;23;   4645.9260;    394.4882;      23.0;
971;23;   4379.0977;    386.9968;      23.0;
972;23;   4488.9586;    412.5527;      23.0;
973;23;   5257.9997;    355.6040;      23.0;
974;23;   4183.3703;    404.8951;      23.0;
975;23;   4523.3608;    379.1416;      23.0;
976;23;   4840.3528;    390.3628;      23.0;
977;23;   4206.1703;    418.3283;      23.0;
978;23;   5628.4966;    412.5527;      23.0;
979;23;   5400.7661;    462.1301;      23.0;
980;23;   4498.0340;    454.5473;      23.0;
981;23;   5401.5444;    435.6085;      23.0;
982;23;   4549.6911;    326.4504;      23.0;
983;23;   4356.4317;    463.0930;      23.0;
984;23;   4442.8947;    454.5473;      23.0;
985;23;   4739.5894;    390.8374;      23.0;
986;23;   5048.3521;    433.0636;      23.0;
987;23;   4520.4724;    367.7976;      23.0;
988;23;   5350.4874;    383.5230;      23.0;
989;23;   5572.1985;    386.9968;      23.0;
990;24;   4706.4916;    342.2321;      24.0;
991;24;   4835.9264;    386.0339;      24.0;
992;24;   5161.8280;    338.8738;      24.0;
993;24;   5145.0053;    428.7805;      24.0;
994;24;   5165.3634;    382.2700;      24.0;
995;24;   5223.5030;    390.3628;      24.0;
996;24;   5282.7056;    432.1007;      24.0;
997;24;   5507.9062;    468.0796;      24.0;
998;24;   5592.1471;    406.2692;      24.0;
999;24;   5683.0788;    409.7826;      24.0;
1000;24;   5161.5584;    463.3308;      24.0;
1001;24;   5269.7896;    415.9990;      24.0;
1002;24;   4608.8391;    458.3879;      24.0;
1003;24;   5077.3781;    415.9990;      24.0;
1004;24;   4358.7933;    390.8374;      24.0;
1005;24;   5475.7327;    383.6271;      24.0;
1006;24;   3970.8301;    327.0014;      24.0;
1007;24;   5507.3093;    439.9629;      24.0;
1008;24;   5303.9286;    428.7805;      24.0;
1009;24;   5156.5374;    358.1134;      24.0;
1010;24;   5178.3942;    458.3879;      24.0;
1011;24;   4885.8208;    402.8621;      24.0;
1012;24;   4512.9344;    400.0656;      24.0;
1013;24;   5200.8759;    420.0135;      24.0;
1014;24;   5469.4177;    428.1822;      24.0;
1015;24;   4693.2845;    391.5479;      24.0;
1016;24;   5391.4403;    468.0796;      24.0;
1017;24;   5187.6096;    411.3192;      24.0;
1018;24;   5819.0475;    409.7826;      24.0;
1019;24;   5264.6705;    414.4444;      24.0;
1020;24;   4912.6644;    435.2142;      24.0;
1021;24;   4354.4700;    427.8176;      24.0;
1022;24;   4498.2196;    379.1283;      24.0;
1023;24;   5393.9493;    407.2582;      24.0;
1024;24;   5803.2970;    387.3911;      24.0;
1025;24;   4551.5993;    389.9467;      24.0;
1026;24;   5371.2250;    420.0135;      24.0;
1027;24;   5071.1954;    387.3911;      24.0;
1028;24;   5425.6535;    416.5671;      24.0;
1029;24;   4838.8859;    414.8386;      24.0;
1030;24;   5841.2499;    433.0636;      24.0;
1031;24;   5377.7365;    458.3879;      24.0;
1032;24;   5190.9623;    412.1584;      24.0;
1033;25;   5275.3893;    412.2274;      25.0;
1034;25;   6116.5091;    440.2372;      25.0;
1035;25;   5609.4151;    435.2142;      25.0;
1036;25;   5397.5437;    385.5758;      25.0;
1037;25;   5742.0618;    420.0135;      25.0;
1038;25;   5967.2166;    416.5671;      25.0;
1039;25;   5059.2560;    412.1584;      25.0;
1040;25;   5786.9089;    463.3308;      25.0;
1041;25;   5299.1157;    445.0407;      25.0;
1042;25;   5254.5638;    468.0796;      25.0;
1043;25;   5011.4391;    325.7501;      25.0;
1044;25;   5747.7252;    433.4579;      25.0;
1045;25;   5951.9184;    409.7826;      25.0;
1046;25;   5558.8569;    367.4033;      25.0;
1047;25;   5252.0580;    382.1295;      25.0;
1048;25;   5260.9808;    463.0930;      25.0;
1049;25;   5310.4007;    401.9940;      25.0;
1050;25;   5799.6605;    440.2372;      25.0;
1051;25;   4800.3282;    406.2692;      25.0;
1052;25;   4634.9104;    411.1955;      25.0;
1053;25;   5295.2403;    416.5671;      25.0;
1054;25;   5675.0124;    375.0557;      25.0;
1055;25;   4878.0163;    394.2034;      25.0;
1056;25;   4905.1428;    412.5527;      25.0;
1057;25;   5314.5218;    463.3308;      25.0;
1058;25;   6124.4329;    445.9488;      25.0;
1059;25;   5015.0053;    407.0203;      25.0;
1060;25;   4754.3022;    400.0656;      25.0;
1061;25;   4035.8169;    360.1757;      25.0;
1062;25;   5522.5000;    418.5661;      25.0;
1063;25;   5723.7866;    439.9629;      25.0;
1064;25;   5051.7908;    398.4746;      25.0;
1065;25;   5121.0711;    404.8951;      25.0;
1066;25;   5403.0317;    367.7976;      25.0;
1067;25;   4949.5612;    412.2274;      25.0;
1068;25;   5971.8554;    386.0339;      25.0;
1069;25;   4892.2766;    399.3021;      25.0;
1070;25;   4567.3990;    383.6271;      25.0;
1071;25;   5407.6746;    397.6395;      25.0;
1072;25;   5331.3500;    412.2274;      25.0;
1073;25;   5583.5855;    357.6640;      25.0;
1074;25;   4899.2449;    336.2709;      25.0;
1075;25;   5904.7682;    382.1295;      25.0;
1076;26;   6041.2045;    328.3191;      26.0;
1077;26;   5206.3357;    315.9896;      26.0;
1078;26;   5885.2216;    454.5473;      26.0;
1079;26;   4724.4851;    394.1156;      26.0;
1080;26;   5316.3368;    419.3986;      26.0;
1081;26;   5615.2712;    386.0339;      26.0;
1082;26;   5299.2537;    409.7826;      26.0;
1083;26;   4549.9574;    427.9443;      26.0;
1084;26;   6051.4678;    459.2960;      26.0;
1085;26;   5432.9998;    454.5473;      26.0;
1086;26;   5430.1848;    428.1822;      26.0;
1087;26;   5974.9320;    413.4815;      26.0;
1088;26;   5306.2663;    399.3021;      26.0;
1089;26;   5701.9027;    365.1283;      26.0;
1090;26;   5945.6415;    432.6211;      26.0;
1091;26;   5266.1657;    439.9993;      26.0;
1092;26;   5559.8242;    440.9622;      26.0;
1093;26;   5432.4316;    453.5844;      26.0;
1094;26;   6058.6537;    462.1301;      26.0;
1095;26;   5662.6991;    372.3300;      26.0;
1096;26;   6176.4100;    402.8621;      26.0;
1097;26;   5103.5621;    378.7195;      26.0;
1098;26;   5300.1600;    346.3345;      26.0;
1099;26;   5596.5171;    399.3021;      26.0;
1100;26;   5733.4825;    419.3986;      26.0;
1101;26;   4868.1329;    436.9042;      26.0;
1102;26;   5631.9007;    375.9639;      26.0;
1103;26;   5691.1354;    435.6085;      26.0;
1104;26;   5725.7447;    376.9910;      26.0;
1105;26;   5302.2551;    353.3099;      26.0;
1106;26;   5673.6512;    388.2989;      26.0;
1107;26;   4790.7529;    388.2989;      26.0;
1108;26;   5792.8135;    462.1301;      26.0;
1109;26;   5768.1751;    439.9993;      26.0;
1110;26;   5657.2852;    406.5157;      26.0;
1111;26;   5377.6790;    386.0339;      26.0;
1112;26;   5862.8722;    429.1748;      26.0;
1113;26;   5190.4725;    415.9990;      26.0;
1114;26;   5479.2988;    383.4114;      26.0;
1115;26;   5111.0565;    433.5293;      26.0;
1116;26;   5546.9836;    360.3128;      26.0;
1117;26;   5524.7474;    390.7571;      26.0;
1118;26;   5098.5005;    384.0158;      26.0;
1119;27;   5574.4277;    372.3300;      27.0;
1120;27;   5949.8763;    416.9071;      27.0;
1121;27;   5981.5681;    367.3599;      27.0;
1122;27;   6642.7228;    420.9216;      27.0;
1123;27;   6067.3810;    397.9150;      27.0;
1124;27;   5731.9761;    385.9792;      27.0;
1125;27;   6172.5903;    394.0785;      27.0;
1126;27;   5190.7386;    399.3021;      27.0;
1127;27;   5869.2045;    439.0548;      27.0;
1128;27;   5807.1202;    439.0548;      27.0;
1129;27;   5537.0861;    338.9803;      27.0;
1130;27;   5861.7761;    441.3565;      27.0;
1131;27;   5738.1070;    409.7826;      27.0;
1132;27;   6292.6292;    398.4924;      27.0;
1133;27;   5203.1892;    399.3021;      27.0;
1134;27;   5834.5989;    400.2102;      27.0;
1135;27;   5442.9033;    397.6395;      27.0;
1136;27;   5704.3251;    406.0514;      27.0;
1137;27;   7010.1783;    454.5473;      27.0;
1138;27;   5440.3853;    367.4033;      27.0;
1139;27;   5084.3014;    366.5207;      27.0;
1140;27;   5586.3679;    433.0636;      27.0;
1141;27;   5571.8912;    434.2513;      27.0;
1142;27;   5539.7380;    439.9629;      27.0;
1143;27;   4766.8790;    428.7805;      27.0;
1144;27;   5002.6828;    335.0966;      27.0;
1145;27;   5453.4795;    389.3999;      27.0;
1146;27;   6562.9979;    454.9415;      27.0;
1147;27;   5838.1360;    379.6824;      27.0;
1148;27;   5567.8909;    436.9042;      27.0;
1149;27;   5738.5242;    396.2823;      27.0;
1150;27;   4287.8085;    346.4289;      27.0;
1151;27;   5952.2164;    454.9415;      27.0;
1152;27;   6084.4586;    416.9071;      27.0;
1153;27;   5401.3760;    351.1256;      27.0;
1154;27;   6119.4402;    407.8729;      27.0;
1155;27;   5603.5847;    419.3986;      27.0;
1156;27;   5290.1819;    432.6211;      27.0;
1157;27;   6224.4180;    382.2700;      27.0;
1158;27;   6201.1130;    378.2878;      27.0;
1159;27;   5475.7282;    454.5473;      27.0;
1160;27;   6071.3421;    369.6797;      27.0;
1161;27;   5986.4983;    402.4286;      27.0;
1162;28;   6217.3141;    411.3192;      28.0;
1163;28;   5882.1931;    367.4033;      28.0;
1164;28;   7209.8765;    466.9336;      28.0;
1165;28;   5931.0347;    420.0135;      28.0;
1166;28;   5593.7738;    378.7195;      28.0;
1167;28;   6069.8456;    394.7260;      28.0;
1168;28;   5417.7404;    432.6211;      28.0;
1169;28;   6011.1699;    445.0407;      28.0;
1170;28;   5932.3908;    396.4354;      28.0;
1171;28;   5920.8236;    398.4746;      28.0;
1172;28;   5365.5127;    413.4408;      28.0;
1173;28;   5279.7889;    401.0858;      28.0;
1174;28;   5404.6699;    467.1714;      28.0;
1175;28;   6122.7887;    385.5620;      28.0;
1176;28;   5410.7136;    374.7455;      28.0;
1177;28;   6072.9936;    407.4786;      28.0;
1178;28;   6146.9401;    427.8176;      28.0;
1179;28;   5990.9549;    404.8951;      28.0;
1180;28;   6071.1416;    383.6271;      28.0;
1181;28;   5341.0794;    357.8264;      28.0;
1182;28;   5431.4313;    379.1416;      28.0;
1183;28;   6688.7237;    427.8176;      28.0;
1184;28;   5470.8860;    428.1822;      28.0;
1185;28;   5643.9611;    437.8124;      28.0;
1186;28;   5130.2215;    407.4786;      28.0;
1187;28;   5752.5791;    371.2439;      28.0;
1188;28;   5858.7451;    369.0884;      28.0;
1189;28;   6291.6866;    387.3911;      28.0;
1190;28;   5403.3912;    409.7826;      28.0;
1191;28;   6822.2936;    439.0548;      28.0;
1192;28;   5431.2829;    463.7251;      28.0;
1193;28;   6360.8150;    414.8386;      28.0;
1194;28;   6034.3454;    412.5527;      28.0;
1195;28;   5990.2501;    434.2513;      28.0;
1196;28;   6382.1344;    453.5844;      28.0;
1197;28;   6637.6885;    389.9467;      28.0;
1198;28;   5552.7397;    419.3986;      28.0;
1199;28;   5990.2486;    389.9467;      28.0;
1200;28;   5882.4862;    390.7571;      28.0;
1201;28;   5677.6764;    372.7079;      28.0;
1202;28;   5838.3148;    439.0548;      28.0;
1203;28;   6651.9455;    398.0374;      28.0;
1204;28;   6375.4679;    371.2439;      28.0;
1205;29;   6336.7386;    385.9792;      29.0;
1206;29;   5825.4742;    395.1115;      29.0;
1207;29;   6195.7780;    381.7352;      29.0;
1208;29;   6662.0353;    385.5620;      29.0;
1209;29;   6508.7872;    416.1729;      29.0;
1210;29;   6623.8268;    414.8386;      29.0;
1211;29;   5848.5815;    372.5949;      29.0;
1212;29;   6288.9138;    395.4615;      29.0;
1213;29;   5877.1226;    420.9216;      29.0;
1214;29;   6423.4451;    395.8557;      29.0;
1215;29;   5550.4713;    463.7251;      29.0;
1216;29;   6763.2916;    435.2142;      29.0;
1217;29;   5772.9597;    441.3565;      29.0;
1218;29;   6945.9380;    431.3565;      29.0;
1219;29;   5935.5371;    400.0656;      29.0;
1220;29;   6527.0837;    381.0242;      29.0;
1221;29;   5271.1020;    415.2100;      29.0;
1222;29;   6355.0560;    406.5157;      29.0;
1223;29;   6178.1980;    439.9629;      29.0;
1224;29;   6503.3773;    372.5949;      29.0;
1225;29;   6581.6781;    397.9150;      29.0;
1226;29;   6075.1883;    454.5473;      29.0;
1227;29;   5734.5120;    358.0018;      29.0;
1228;29;   5685.3075;    414.4444;      29.0;
1229;29;   6057.0833;    428.7805;      29.0;
1230;29;   6421.6232;    407.8729;      29.0;
1231;29;   6021.7687;    463.4873;      29.0;
1232;29;   6163.3768;    387.0734;      29.0;
1233;29;   5762.0831;    435.2142;      29.0;
1234;29;   5769.9648;    394.7260;      29.0;
1235;29;   5992.6719;    468.0796;      29.0;
1236;29;   5918.9058;    439.9993;      29.0;
1237;29;   6880.6648;    407.1774;      29.0;
1238;29;   6426.8815;    381.6961;      29.0;
1239;29;   6402.9168;    398.7302;      29.0;
1240;29;   5806.1940;    377.0097;      29.0;
1241;29;   6152.2929;    441.5944;      29.0;
1242;29;   6365.6463;    346.3345;      29.0;
1243;29;   5867.3490;    445.9488;      29.0;
1244;29;   5590.4146;    453.5844;      29.0;
1245;29;   6533.5260;    445.0407;      29.0;
1246;29;   5842.0395;    395.4615;      29.0;
1247;29;   5320.4297;    445.0407;      29.0;
1248;30;   6278.3491;    441.3565;      30.0;
1249;30;   6883.2063;    358.0018;      30.0;
1250;30;   6695.1998;    439.9629;      30.0;
1251;30;   6672.3223;    434.2513;      30.0;
1252;30;   5573.1699;    359.0800;      30.0;
1253;30;   6829.6280;    416.9071;      30.0;
1254;30;   6712.3919;    406.5157;      30.0;
1255;30;   5974.0361;    462.1301;      30.0;
1256;30;   6058.5401;    433.0636;      30.0;
1257;30;   6749.2682;    439.0548;      30.0;
1258;30;   6143.3488;    413.4815;      30.0;
1259;30;   6877.9042;    458.3879;      30.0;
1260;30;   6165.1743;    433.0636;      30.0;
1261;30;   6333.0879;    411.1955;      30.0;
1262;30;   5887.7399;    361.1241;      30.0;
1263;30;   6286.8949;    416.5671;      30.0;
1264;30;   6498.1169;    420.9216;      30.0;
1265;30;   7665.5374;    445.0407;      30.0;
1266;30;   6086.4945;    427.8176;      30.0;
1267;30;   6751.4468;    413.6786;      30.0;
1268;30;   6750.6522;    432.1007;      30.0;
1269;30;   6076.6262;    454.5473;      30.0;
1270;30;   5834.2310;    400.2102;      30.0;
1271;30;   6568.0255;    454.9415;      30.0;
1272;30;   6632.4065;    416.2464;      30.0;
1273;30;   6944.2146;    418.5661;      30.0;
1274;30;   6311.3360;    416.9071;      30.0;
1275;30;   6553.6717;    432.6211;      30.0;
1276;30;   6531.1566;    365.3433;      30.0;
1277;30;   6947.3728;    440.9622;      30.0;
1278;30;   5875.8476;    407.4628;      30.0;
1279;30;   6586.2961;    418.2850;      30.0;
1280;30;   6363.1753;    433.5293;      30.0;
1281;30;   5923.6755;    435.2142;      30.0;
1282;30;   6043.9595;    389.3999;      30.0;
1283;30;   6387.5294;    453.5844;      30.0;
1284;30;   6609.2421;    396.2823;      30.0;
1285;30;   6327.3243;    379.6824;      30.0;
1286;30;   6419.9220;    395.4615;      30.0;
1287;30;   5978.8200;    416.1729;      30.0;
1288;30;   7118.9170;    416.5671;      30.0;
1289;30;   7135.0771;    407.4628;      30.0;
1290;30;   6937.4498;    401.4658;      30.0;
1291;31;   7149.5475;    458.3879;      31.0;
1292;31;   7413.0272;    397.2452;      31.0;
1293;31;   7003.3091;    466.9336;      31.0;
1294;31;   6088.3368;    406.0514;      31.0;
1295;31;   6764.0631;    387.3911;      31.0;
1296;31;   6563.5172;    427.8176;      31.0;
1297;31;   7293.4176;    411.1955;      31.0;
1298;31;   7163.2228;    463.0930;      31.0;
1299;31;   6084.5787;    367.7976;      31.0;
1300;31;   6274.3431;    416.9071;      31.0;
1301;31;   7147.8835;    454.9415;      31.0;
1302;31;   6839.5592;    466.9336;      31.0;
1303;31;   7082.6800;    388.1298;      31.0;
1304;31;   5970.8327;    429.1748;      31.0;
1305;31;   6575.6644;    427.9443;      31.0;
1306;31;   6466.8253;    420.0135;      31.0;
1307;31;   5775.5594;    365.4785;      31.0;
1308;31;   7030.5116;    433.4579;      31.0;
1309;31;   7041.2431;    399.3021;      31.0;
1310;31;   6138.0410;    365.0740;      31.0;
1311;31;   5245.7592;    360.1002;      31.0;
1312;31;   6815.6278;    369.7421;      31.0;
1313;31;   6725.0757;    412.5527;      31.0;
1314;31;   6446.2740;    317.7615;      31.0;
1315;31;   6587.1172;    395.4615;      31.0;
1316;31;   6450.8848;    388.0312;      31.0;
1317;31;   6184.4824;    387.9816;      31.0;
1318;31;   6575.8078;    380.0767;      31.0;
1319;31;   6005.1436;    398.4746;      31.0;
1320;31;   7237.3228;    441.2001;      31.0;
1321;31;   7115.3727;    365.4785;      31.0;
1322;31;   6398.3721;    428.7805;      31.0;
1323;31;   5726.8992;    328.3191;      31.0;
1324;31;   6860.9421;    415.9990;      31.0;
1325;31;   6371.1284;    468.0796;      31.0;
1326;31;   6837.5540;    445.9488;      31.0;
1327;31;   5536.4703;    435.2142;      31.0;
1328;31;   6788.2088;    396.2823;      31.0;
1329;31;   6017.9437;    428.7805;      31.0;
1330;31;   6132.4759;    407.4786;      31.0;
1331;31;   6389.5319;    445.0407;      31.0;
1332;31;   7211.5571;    444.8028;      31.0;
1333;31;   7223.1881;    462.1301;      31.0;
1334;32;   7395.6020;    401.9940;      32.0;
1335;32;   6765.1089;    441.2001;      32.0;
1336;32;   6471.6145;    434.2513;      32.0;
1337;32;   7319.4511;    440.2372;      32.0;
1338;32;   7385.7862;    397.6395;      32.0;
1339;32;   7536.2047;    459.2960;      32.0;
1340;32;   6907.7366;    467.8417;      32.0;
1341;32;   7208.6427;    454.9415;      32.0;
1342;32;   6781.8791;    415.9990;      32.0;
1343;32;   7138.7521;    420.0135;      32.0;
1344;32;   6759.5699;    435.6085;      32.0;
1345;32;   7295.7268;    466.9336;      32.0;
1346;32;   6545.1513;    420.0135;      32.0;
1347;32;   7243.2803;    441.2001;      32.0;
1348;32;   6150.2009;    379.1416;      32.0;
1349;32;   6869.3191;    419.1931;      32.0;
1350;32;   6581.0438;    378.7195;      32.0;
1351;32;   7217.9410;    399.3021;      32.0;
1352;32;   6792.9893;    454.9415;      32.0;
1353;32;   7322.6216;    401.9940;      32.0;
1354;32;   6913.9329;    418.2850;      32.0;
1355;32;   7176.6931;    429.1748;      32.0;
1356;32;   6192.5941;    390.4495;      32.0;
1357;32;   6017.6401;    372.1521;      32.0;
1358;32;   5999.2524;    463.0930;      32.0;
1359;32;   6947.9523;    378.7195;      32.0;
1360;32;   6306.9740;    383.2328;      32.0;
1361;32;   6510.0835;    445.7110;      32.0;
1362;32;   7188.0739;    432.6211;      32.0;
1363;32;   6634.5134;    411.1955;      32.0;
1364;32;   6899.1412;    428.1822;      32.0;
1365;32;   6770.6243;    406.5157;      32.0;
1366;32;   7012.5201;    420.9216;      32.0;
1367;32;   7427.5486;    398.4746;      32.0;
1368;32;   7081.3520;    415.9990;      32.0;
1369;32;   7325.3819;    463.3308;      32.0;
1370;32;   7610.1055;    396.2823;      32.0;
1371;32;   7218.7917;    463.0930;      32.0;
1372;32;   6538.5598;    387.3911;      32.0;
1373;32;   7081.7611;    413.4815;      32.0;
1374;32;   6586.0717;    406.5157;      32.0;
1375;32;   7186.4198;    459.2960;      32.0;
1376;32;   5977.3790;    416.5671;      32.0;
1377;33;   6016.0277;    349.8437;      33.0;
1378;33;   7138.0037;    409.7826;      33.0;
1379;33;   7872.3097;    407.4628;      33.0;
1380;33;   7729.7607;    406.5157;      33.0;
1381;33;   7275.4056;    386.0339;      33.0;
1382;33;   6408.7962;    375.9639;      33.0;
1383;33;   7210.1816;    415.2100;      33.0;
1384;33;   7543.4320;    386.0339;      33.0;
1385;33;   7154.0385;    397.2452;      33.0;
1386;33;   5935.4836;    340.6031;      33.0;
1387;33;   7172.8910;    412.2274;      33.0;
1388;33;   7116.2469;    463.3308;      33.0;
1389;33;   7016.7619;    411.1955;      33.0;
1390;33;   6881.2604;    407.2582;      33.0;
1391;33;   7649.2900;    459.2960;      33.0;
1392;33;   7027.8895;    407.4628;      33.0;
1393;33;   6824.8520;    397.2452;      33.0;
1394;33;   7188.1609;    458.3879;      33.0;
1395;33;   6893.4667;    389.9467;      33.0;
1396;33;   6237.1445;    441.5944;      33.0;
1397;33;   6968.0561;    370.2522;      33.0;
1398;33;   6610.8151;    420.9216;      33.0;
1399;33;   7604.8579;    339.6949;      33.0;
1400;33;   7265.9034;    467.8417;      33.0;
1401;33;   6986.5691;    382.2700;      33.0;
1402;33;   7252.3345;    439.9993;      33.0;
1403;33;   6930.5996;    463.7251;      33.0;
1404;33;   7325.1581;    382.2700;      33.0;
1405;33;   6469.8559;    347.5681;      33.0;
1406;33;   6373.7321;    383.6271;      33.0;
1407;33;   6701.4598;    394.0785;      33.0;
1408;33;   7043.7817;    351.8482;      33.0;
1409;33;   7158.8781;    402.6242;      33.0;
1410;33;   6411.0772;    445.9488;      33.0;
1411;33;   7220.4833;    386.9968;      33.0;
1412;33;   7020.3922;    393.8778;      33.0;
1413;33;   7085.7321;    420.0135;      33.0;
1414;33;   7295.7496;    387.3911;      33.0;
1415;33;   6669.9246;    400.0656;      33.0;
1416;33;   6618.6273;    439.0548;      33.0;
1417;33;   6592.0827;    462.1301;      33.0;
1418;33;   6884.8859;    394.0785;      33.0;
1419;33;   7010.6064;    386.9968;      33.0;
1420;34;   5677.2254;    360.1757;      34.0;
1421;34;   6863.7321;    413.4408;      34.0;
1422;34;   7973.9933;    466.9336;      34.0;
1423;34;   7123.5442;    419.3986;      34.0;
1424;34;   7249.0073;    428.1822;      34.0;
1425;34;   7847.8070;    402.4286;      34.0;
1426;34;   7750.2915;    462.3680;      34.0;
1427;34;   7017.7911;    433.4579;      34.0;
1428;34;   7285.9454;    378.9284;      34.0;
1429;34;   7241.0336;    412.2274;      34.0;
1430;34;   7635.5824;    439.0548;      34.0;
1431;34;   7449.1072;    346.3345;      34.0;
1432;34;   6335.7465;    411.3192;      34.0;
1433;34;   7724.0763;    402.4286;      34.0;
1434;34;   7225.5213;    407.4786;      34.0;
1435;34;   7845.9350;    376.5995;      34.0;
1436;34;   6865.0234;    414.8386;      34.0;
1437;34;   5880.9652;    391.7455;      34.0;
1438;34;   7439.2301;    414.8386;      34.0;
1439;34;   6598.4792;    459.2960;      34.0;
1440;34;   7812.8673;    435.2142;      34.0;
1441;34;   7699.4741;    420.9216;      34.0;
1442;34;   7466.4111;    445.9488;      34.0;
1443;34;   6755.8482;    434.2513;      34.0;
1444;34;   8075.0742;    454.5473;      34.0;
1445;34;   7654.0100;    435.6085;      34.0;
1446;34;   7400.6601;    399.3021;      34.0;
1447;34;   7584.5463;    420.9216;      34.0;
1448;34;   7677.8532;    463.0930;      34.0;
1449;34;   7434.5402;    428.7805;      34.0;
1450;34;   7360.6288;    366.6094;      34.0;
1451;34;   7131.2151;    459.2960;      34.0;
1452;34;   6350.7322;    371.6094;      34.0;
1453;34;   6792.6652;    445.9488;      34.0;
1454;34;   7221.6560;    369.7421;      34.0;
1455;34;   7267.7283;    380.7723;      34.0;
1456;34;   7020.3160;    385.9792;      34.0;
1457;34;   6879.8018;    445.9488;      34.0;
1458;34;   7119.5691;    407.4628;      34.0;
1459;34;   7327.8568;    390.3628;      34.0;
1460;34;   6368.8952;    394.4986;      34.0;
1461;34;   6902.0318;    437.8124;      34.0;
1462;34;   7305.7172;    390.8374;      34.0;
1463;35;   7839.6596;    376.9910;      35.0;
1464;35;   6973.9334;    399.3021;      35.0;
1465;35;   7462.2269;    406.2692;      35.0;
1466;35;   6636.1291;    382.2700;      35.0;
1467;35;   8302.4733;    440.2372;      35.0;
1468;35;   8175.8333;    409.7826;      35.0;
1469;35;   8287.6160;    414.8386;      35.0;
1470;35;   5868.1938;    393.8778;      35.0;
1471;35;   7303.0838;    441.3565;      35.0;
1472;35;   7245.9742;    432.6211;      35.0;
1473;35;   7288.1578;    444.8028;      35.0;
1474;35;   7122.1022;    459.2960;      35.0;
1475;35;   7772.7099;    416.5671;      35.0;
1476;35;   7802.0305;    435.2142;      35.0;
1477;35;   7112.7161;    371.4082;      35.0;
1478;35;   8418.7873;    441.3565;      35.0;
1479;35;   7426.3936;    388.1298;      35.0;
1480;35;   7834.4486;    385.9425;      35.0;
1481;35;   7579.3166;    395.1115;      35.0;
1482;35;   7446.6876;    441.3565;      35.0;
1483;35;   7247.1949;    391.7455;      35.0;
1484;35;   6738.2710;    369.4827;      35.0;
1485;35;   7343.1186;    416.9071;      35.0;
1486;35;   7116.9623;    412.2274;      35.0;
1487;35;   7493.2153;    462.1301;      35.0;
1488;35;   7152.1529;    397.9150;      35.0;
1489;35;   7940.5954;    345.8992;      35.0;
1490;35;   6362.1247;    383.5230;      35.0;
1491;35;   7614.1917;    439.0548;      35.0;
1492;35;   7103.8021;    388.2989;      35.0;
1493;35;   8806.1793;    467.1714;      35.0;
1494;35;   6966.0338;    445.9488;      35.0;
1495;35;   7553.5173;    433.4579;      35.0;
1496;35;   6308.6900;    393.8778;      35.0;
1497;35;   7563.8761;    390.3628;      35.0;
1498;35;   6542.3735;    365.1283;      35.0;
1499;35;   8172.3024;    441.3565;      35.0;
1500;35;   8223.9172;    445.0407;      35.0;
1501;35;   7436.5219;    416.1729;      35.0;
1502;35;   7289.2776;    458.3879;      35.0;
1503;35;   7208.7399;    371.6094;      35.0;
1504;35;   7234.8232;    467.1714;      35.0;
1505;35;   7026.9044;    377.0097;      35.0;
