1;20;   4013.6300;    444.3160;   22280.0;   3508.0800;    359.3180;    1084.0;    803.6340;   23364.0; 599.701567; 791.325861; 704.613349; 542.832388; 803.633860; 695.597486; 786.947408; 592.372017; 533.190754; 566.977945; 511.650906; 569.427640; 480.652059; 588.373612; 670.035376; 471.605244; 542.466641; 585.248593; 586.764464; 770.981024;
2;20;   3527.5600;    368.3860;    5490.0;   4086.1100;    379.2960;    3182.0;   1551.3160;   32036.0; 1360.906546; 1227.518868; 1360.346581; 1317.215318; 1328.965124; 1551.315716; 1476.770956; 1469.553473; 1537.319550; 1432.344921; 1233.910319; 1307.013351; 1499.640999; 1217.297259; 1229.676294; 1189.068131; 1334.910176; 1493.243805; 1510.383551; 1449.104681;
3;20;   4681.6800;    376.1170;   26944.0;   4368.0200;    406.0510;   18802.0;   2333.4840;   77782.0; 2333.484440; 2145.858847; 2223.342678; 2067.280847; 2213.230655; 2160.721380; 2209.582989; 2171.929070; 2263.703913; 2068.776437; 2192.383628; 2002.332384; 2212.519793; 2136.542947; 2014.981312; 2243.888918; 1985.505558; 2171.968760; 2005.427421; 2093.214337;
4;20;   4205.6700;    413.4410;    4320.0;   4478.5500;    365.5090;    4552.0;   3112.4340;   86654.0; 2964.659276; 2945.036126; 2946.666037; 3054.297524; 3094.518034; 3112.433631; 2873.612061; 3070.974505; 2773.273304; 3000.176257; 3096.161813; 2828.015652; 2897.033017; 3027.850281; 2998.609006; 2879.809168; 3029.006366; 3065.077256; 2889.157802; 2870.680217;
5;20;   3712.7700;    419.6760;     220.0;   4728.5100;    401.4570;    4846.0;   3933.5670;   91720.0; 3850.492904; 3932.175573; 3593.896757; 3577.387259; 3801.603594; 3864.085108; 3572.633193; 3828.558699; 3717.121862; 3797.119004; 3748.410190; 3896.792523; 3706.568594; 3738.265019; 3750.923613; 3728.743003; 3851.545037; 3774.543247; 3933.566787; 3706.275769;
6;20;   4273.1600;    381.0560;   30476.0;   4443.3800;    384.8390;    2398.0;   4699.4620;  124594.0; 4359.709847; 4560.296026; 4542.544967; 4454.725258; 4412.775603; 4545.422148; 4519.420135; 4583.866316; 4506.680340; 4382.858674; 4595.151647; 4629.765486; 4592.719715; 4554.319249; 4611.141165; 4529.126299; 4699.462360; 4610.053665; 4607.218971; 4438.584736;
7;20;   4680.6300;    419.5580;   73306.0;   4949.9300;    433.0640;    4374.0;   5552.0840;  202274.0; 5459.983150; 5489.723788; 5364.522922; 5334.224655; 5407.789891; 5289.428050; 5160.645412; 5164.484665; 5484.294746; 5552.083615; 5393.815856; 5445.548045; 5212.098300; 5462.428682; 5451.221078; 5161.956420; 5501.607975; 5194.310207; 5382.847687; 5417.315216;
8;20;   4724.7300;    418.9800;   77358.0;   3599.2800;    364.7920;   57168.0;   6335.8560;  336800.0; 6215.941032; 6335.856154; 6215.733590; 6048.986016; 6106.318141; 6311.152337; 6092.502161; 6149.669545; 6312.032189; 6051.229578; 6132.441105; 6125.390719; 6041.039629; 6186.268655; 6122.080229; 6054.491372; 6026.368431; 6148.421772; 6203.161573; 6141.471980;
9;20;   4299.8900;    385.9420;    3696.0;   4599.4500;    417.0470;  216974.0;   7138.8450;  557470.0; 7124.744087; 6936.331862; 6890.040520; 6935.421805; 6955.856948; 6985.431532; 7051.025247; 6780.473010; 6978.505957; 7043.414539; 6811.815367; 6991.552586; 6866.693640; 7061.109127; 7138.845441; 7043.314088; 6826.392989; 6895.055025; 6893.650608; 6825.738878;
10;20;   4701.2100;    375.1880;    3288.0;   4867.0900;    373.2710;  254798.0;   7887.3040;  815556.0; 7786.684580; 7753.292803; 7832.624550; 7887.304263; 7580.058837; 7883.896067; 7675.730887; 7819.909496; 7800.977068; 7783.795863; 7562.844276; 7826.460559; 7667.475190; 7778.718450; 7731.818628; 7539.449413; 7706.915250; 7868.632226; 7834.002306; 7827.163418;
11;20;   3956.1200;    406.2140;    4798.0;   4442.8500;    416.5250;    2840.0;   8710.0430;  823194.0; 8611.600771; 8418.154961; 8493.259037; 8496.014909; 8625.320784; 8710.043027; 8427.901220; 8554.071504; 8560.243109; 8488.801571; 8459.527209; 8431.165372; 8478.604667; 8351.590558; 8515.272207; 8579.403556; 8674.087512; 8465.370608; 8392.862895; 8579.910755;
12;20;   4476.4700;    350.1610;  115408.0;   4168.0900;    423.4480;   21960.0;   9483.6520;  960562.0; 9359.712784; 9279.027790; 9366.080496; 9228.382558; 9090.628339; 9116.484119; 9368.349407; 9433.470378; 9287.946506; 9139.583096; 9483.651847; 9237.963878; 9320.585369; 9303.581943; 9094.982719; 9127.259879; 9466.473245; 9204.541506; 9184.362054; 9279.103415;
13;20;   4253.0400;    411.3560;   14058.0;   3436.2300;    352.0490;   25356.0;  10247.0570;  999976.0; 9962.050336; 10133.451343; 10008.911263; 10113.433847; 10011.017388; 9953.080558; 10092.008165; 10228.018887; 10063.162291; 9960.321935; 9983.578007; 10156.818304; 10039.179448; 10043.251542; 10247.057114; 9968.001021; 10084.789994; 10126.489136; 10138.854232; 10022.910922;
14;20;   4152.0900;    386.7150;   28408.0;   3498.6700;    345.7670;     244.0;  10979.5390; 1028628.0; 10641.703607; 10979.538521; 10748.152207; 10760.829018; 10905.412664; 10663.581279; 10671.328500; 10879.037624; 10901.685227; 10803.077690; 10834.847030; 10901.106330; 10776.681566; 10789.365219; 10678.928013; 10875.102770; 10724.698298; 10927.614392; 10956.536096; 10754.887619;
15;20;   4219.1800;    352.7760;   10918.0;   3216.0000;    380.4010;     188.0;  11712.7160; 1039734.0; 11652.447492; 11517.544569; 11365.667130; 11403.050699; 11522.430485; 11377.471013; 11488.835681; 11621.708581; 11712.715831; 11340.246607; 11468.760236; 11423.082930; 11358.906543; 11615.902365; 11415.037755; 11601.556030; 11389.454342; 11482.700159; 11610.945316; 11493.832746;
16;20;   4474.3100;    412.5530;    8838.0;   4504.0700;    474.3750;    1090.0;  12599.6440; 1049662.0; 12401.114902; 12242.836274; 12249.017060; 12241.101242; 12334.016655; 12398.632386; 12599.643875; 12428.444986; 12445.587920; 12329.587738; 12390.417215; 12377.746105; 12204.720738; 12401.769910; 12276.149401; 12390.301737; 12400.903467; 12218.805374; 12393.606019; 12285.046712;
17;20;   4624.9700;    459.3280;    4314.0;   4542.7000;    419.1930;   40560.0;  13478.1650; 1094536.0; 13263.509447; 13211.323279; 13407.950317; 13240.000454; 13324.613272; 13341.570193; 13305.479656; 13407.925979; 13333.389961; 13154.614798; 13127.925934; 13313.102567; 13365.546747; 13225.431609; 13415.476355; 13228.909348; 13160.778890; 13173.440056; 13242.989616; 13478.165089;
18;20;   4431.6400;    407.2420;  192556.0;   4165.9500;    453.5100;   17884.0;  14338.9170; 1304976.0; 13977.487753; 13974.756647; 14163.644212; 14281.370700; 14116.971833; 13972.144238; 14338.917220; 14162.371518; 14018.075090; 14215.627991; 13982.734613; 14059.839948; 14257.250316; 14031.591722; 13946.007912; 14070.451847; 13989.347878; 14203.015272; 14050.966428; 14061.515134;
19;20;   4316.1600;    321.2080;   30246.0;   3807.9000;    439.8290;     894.0;  15099.9540; 1336116.0; 14840.998736; 15099.954438; 14937.794030; 14917.921350; 14859.457759; 14789.860630; 14767.613929; 14961.647041; 14910.750042; 14783.560847; 14836.624021; 14753.203300; 14727.934607; 14770.029883; 14903.859972; 14867.072328; 14730.741287; 14998.649519; 14753.717571; 14799.009967;
20;20;   3840.8800;    408.6480;     680.0;   4863.4300;    446.8230;   42360.0;  15955.4250; 1379156.0; 15764.461129; 15860.432110; 15679.559821; 15841.199986; 15669.643914; 15684.132090; 15783.907879; 15756.564225; 15631.549271; 15955.425248; 15740.074347; 15815.363003; 15829.001660; 15591.324755; 15824.567114; 15728.689111; 15593.254919; 15785.233376; 15850.561893; 15650.522046;
21;20;   5193.7100;    417.7730;   41662.0;   3447.6800;    308.6510;     340.0;  16681.8490; 1421158.0; 16437.426964; 16411.888738; 16404.165949; 16641.689780; 16625.594596; 16612.011460; 16592.406847; 16402.626585; 16637.933825; 16622.283753; 16681.848916; 16451.817688; 16656.809058; 16536.685865; 16512.804665; 16592.097415; 16624.452210; 16454.764225; 16427.824241; 16584.503898;
22;20;   4256.9200;    456.8690;  155590.0;   4629.8600;    368.6140;  131324.0;  17507.3320; 1708072.0; 17473.724544; 17195.820747; 17507.331755; 17456.367575; 17450.425650; 17199.477038; 17461.213197; 17373.189307; 17423.972885; 17200.002851; 17279.042842; 17233.213695; 17370.946597; 17393.212409; 17476.062600; 17315.775823; 17363.403122; 17386.961086; 17489.855833; 17354.218851;
23;20;   4508.2600;    417.2810;    5510.0;   4870.5300;    428.1900;   29708.0;  18352.8030; 1743290.0; 18139.817655; 18235.359370; 18213.098443; 18340.621548; 18352.803103; 18125.212750; 18079.998567; 17977.616033; 18049.724640; 18109.842569; 18169.528410; 18171.578810; 18231.915279; 18150.672670; 18202.909527; 18141.725144; 18142.302320; 18033.975642; 18242.092620; 18251.996142;
24;20;   4197.6300;    380.0770;    9824.0;   3928.6800;    388.1660;    2822.0;  19121.0460; 1755936.0; 19010.706292; 19024.578367; 18893.300603; 19121.045680; 18808.170207; 18834.003331; 19084.005623; 18935.254301; 18857.570280; 18984.961782; 19062.519198; 18819.008842; 18972.387040; 18768.819309; 19062.107247; 18925.033731; 18950.021437; 18819.417982; 18870.829333; 18782.541707;
25;20;   4271.7700;    346.8360;  132670.0;   4060.1000;    413.5140;    9102.0;  19881.3960; 1897708.0; 19517.778329; 19669.430953; 19684.278394; 19881.396199; 19634.420868; 19606.272210; 19685.319706; 19666.528756; 19509.465589; 19650.584831; 19560.960300; 19646.216905; 19576.293146; 19734.573122; 19709.741872; 19714.927932; 19744.122769; 19654.877971; 19799.965022; 19770.589944;
26;20;   4215.4600;    432.1920;   78754.0;   4134.6100;    411.2110;  218792.0;  20724.7990; 2195254.0; 20369.925603; 20573.187232; 20594.034719; 20391.179492; 20417.215992; 20662.607228; 20476.402104; 20673.590757; 20560.370043; 20628.585954; 20495.376378; 20359.706893; 20626.522946; 20527.140492; 20430.733440; 20592.749807; 20495.709387; 20432.098526; 20724.798511; 20374.437067;
27;20;   3523.7100;    392.6570;     210.0;   4814.6500;    395.8560;   25604.0;  21513.3120; 2221068.0; 21353.257588; 21178.308236; 21441.122325; 21409.797545; 21358.115007; 21435.159545; 21397.450148; 21378.778755; 21513.311743; 21469.028254; 21231.924056; 21321.956316; 21457.368371; 21441.434595; 21185.516815; 21181.952802; 21470.722518; 21204.262352; 21308.842284; 21425.464323;
28;20;   4309.8400;    355.1180;  129976.0;   4434.0000;    416.7740;  254190.0;  22285.2040; 2605234.0; 22248.112411; 22252.718835; 21918.875348; 22042.807325; 21959.304898; 22017.148520; 22114.103026; 22230.033659; 21947.809096; 22075.424604; 22116.566864; 21956.458332; 22285.203609; 21978.334883; 22212.623833; 22082.963862; 22081.272553; 22064.036763; 22192.788757; 22026.012510;
29;20;   3629.6500;    342.2320;    2986.0;   4547.3800;    371.4080;    8178.0;  22998.8440; 2616398.0; 22700.071443; 22877.832070; 22945.642266; 22916.980522; 22998.844168; 22830.158911; 22865.590230; 22707.538081; 22849.958845; 22842.300739; 22884.151594; 22887.961434; 22834.408649; 22968.763936; 22956.663247; 22780.162379; 22725.695643; 22874.062568; 22965.536353; 22683.773603;
30;20;   4101.8100;    421.6120;    3120.0;   4515.0500;    421.2550;   22948.0;  23841.7110; 2642466.0; 23678.251821; 23665.605847; 23687.080819; 23622.257468; 23728.611584; 23565.534176; 23479.702044; 23626.291777; 23765.859307; 23507.262352; 23529.497294; 23775.103113; 23545.833819; 23553.417745; 23596.767632; 23841.710638; 23498.498989; 23829.346779; 23722.835339; 23704.706446;
31;20;   3805.3000;    346.0170;   58488.0;   3934.7600;    339.9120;   58012.0;  24527.6400; 2758966.0; 24527.640124; 24385.446327; 24318.116988; 24389.801527; 24513.309173; 24377.145172; 24279.765278; 24411.856424; 24460.379580; 24246.861866; 24488.137854; 24502.870486; 24485.795466; 24468.738679; 24246.708696; 24329.071437; 24440.283465; 24364.512172; 24219.953653; 24232.922866;
32;20;   4591.3200;    404.3640;  130312.0;   3366.2100;    375.1620;    1926.0;  25307.1660; 2891204.0; 25050.326452; 24990.229789; 25307.165749; 25110.497124; 24953.018308; 24964.038868; 25065.488108; 25160.966520; 25067.468839; 25163.085793; 25024.659790; 25057.486364; 25109.901011; 25284.400405; 25151.212847; 25247.233248; 24958.352304; 24988.283075; 25149.505071; 25202.969126;
33;20;   3677.6500;    335.6210;  157492.0;   3501.4300;    364.7750;   15848.0;  26007.5620; 3064544.0; 25711.740934; 25868.622686; 25774.352905; 25742.131895; 25757.009231; 25902.309718; 25934.571462; 25889.092032; 25804.164819; 25858.408763; 25815.674821; 25720.939281; 26007.562139; 25963.854248; 25764.934885; 25731.207907; 25795.771119; 25838.393763; 25697.971034; 25778.459214;
34;20;   3802.7500;    351.4060;  156594.0;   5145.1500;    401.4660;  315914.0;  26760.4340; 3537052.0; 26554.686680; 26647.451183; 26700.345686; 26699.936189; 26649.278063; 26704.077357; 26536.430854; 26658.637891; 26467.379146; 26493.961351; 26418.101866; 26746.840233; 26651.309545; 26510.418540; 26495.157606; 26692.174884; 26579.797816; 26698.880371; 26760.433764; 26659.215265;
35;20;   4100.9900;    394.0790;   19010.0;   4445.7900;    370.0220;   17838.0;  27524.5350; 3573900.0; 27219.009802; 27402.853134; 27395.843521; 27406.714779; 27481.940945; 27507.764989; 27430.634801; 27474.831920; 27345.677552; 27323.720242; 27524.535115; 27337.266175; 27419.034257; 27376.385492; 27179.123556; 27394.960988; 27384.861796; 27223.345536; 27469.529106; 27238.018551;
36;20;   4399.2700;    408.2530;    6658.0;   3893.0900;    394.2030;     370.0;  28326.9910; 3580928.0; 27988.286868; 28326.991391; 28086.911822; 28003.099097; 27994.491977; 27981.599276; 28054.089838; 28053.657538; 28246.748104; 28201.206809; 28213.639650; 28142.279551; 28212.368599; 28140.645968; 28140.435311; 28116.438775; 28093.791448; 28176.271025; 28126.373115; 28249.527745;
37;20;   4035.8300;    374.5470;    5174.0;   3914.7000;    398.4920;    7110.0;  29100.0300; 3593212.0; 28871.914125; 28783.104225; 29064.251919; 28813.389587; 29100.030365; 28790.504334; 29092.848021; 29004.413416; 28848.857320; 28759.484536; 29072.950778; 28731.808766; 28844.804374; 28817.935036; 28761.017449; 28998.662924; 28789.086312; 28928.249581; 28964.846083; 28907.299785;
38;20;   3922.9400;    413.5140;   50378.0;   3932.4100;    349.5490;   22650.0;  29863.0930; 3666240.0; 29793.755935; 29834.751858; 29649.572772; 29655.061160; 29577.539204; 29730.590813; 29571.200294; 29675.170748; 29772.031628; 29851.427186; 29647.883789; 29818.253266; 29542.176854; 29840.605080; 29620.139537; 29653.701961; 29840.105362; 29863.093316; 29636.979847; 29629.247021;
39;20;   4777.0200;    337.1720;   12548.0;   3903.0400;    400.0660;   27940.0;  30600.3310; 3706728.0; 30318.675402; 30512.487593; 30417.342711; 30505.674297; 30257.404342; 30378.905425; 30343.531374; 30600.330573; 30397.170792; 30370.335201; 30555.075787; 30324.935410; 30439.898358; 30251.436321; 30454.308333; 30434.617696; 30448.618217; 30290.957459; 30291.984642; 30314.645207;
40;20;   3635.3000;    359.7670;     320.0;   3969.6200;    400.0770;   30614.0;  31360.1750; 3737662.0; 31191.485840; 31304.370789; 31189.568731; 31184.066437; 31243.135827; 31075.097303; 31228.608929; 31262.176844; 31091.454449; 31360.174691; 31143.207604; 31028.930536; 31127.883057; 31134.040570; 31092.766090; 31006.162151; 31107.388580; 31088.480615; 30996.176037; 31316.406112;
41;20;   4063.1300;    404.1600;    2438.0;   4739.3600;    397.1310;   20850.0;  32161.4660; 3760950.0; 31882.033850; 32084.373516; 32073.539811; 31905.903584; 31964.927450; 31991.776186; 31841.161287; 32061.642304; 32102.452219; 32091.467294; 32053.184570; 31867.334629; 31971.991689; 32060.806823; 32161.466465; 31821.896173; 31874.690525; 32108.019720; 32097.130650; 32010.259011;
42;20;   3776.1200;    409.6980;    1774.0;   3895.4700;    490.2200;   72512.0;  33061.3840; 3835236.0; 32883.646281; 32756.644232; 32788.918425; 32779.369152; 32697.055934; 32725.359546; 32586.128233; 33061.383577; 32763.510252; 32793.877581; 32735.851705; 32809.994263; 32761.003739; 32643.760484; 32763.517294; 32796.336872; 32850.646264; 32758.712683; 32635.879772; 32727.153284;
43;20;   4325.6600;    369.0910;   10520.0;   4272.6200;    341.0840;     112.0;  33771.5590; 3845868.0; 33589.264831; 33748.124575; 33670.298416; 33708.753470; 33642.099020; 33476.770712; 33502.283401; 33711.400281; 33491.759851; 33698.645044; 33739.483882; 33545.056447; 33771.558573; 33472.100412; 33640.375396; 33639.958894; 33767.571578; 33646.437373; 33732.587890; 33687.587837;
44;20;   4259.2000;    395.5960;   29096.0;   3812.4700;    387.4390;    9480.0;  34554.5940; 3884444.0; 34287.825320; 34246.606738; 34291.577507; 34536.629045; 34220.158033; 34357.402234; 34216.869765; 34375.634881; 34333.374802; 34480.734423; 34256.501578; 34474.580884; 34302.619839; 34554.593903; 34203.094309; 34224.294342; 34503.931479; 34470.640350; 34477.758082; 34340.744483;
45;20;   5219.0400;    434.1940;   30222.0;   5277.4300;    482.8690;   21518.0;  35471.6570; 3936184.0; 35308.223954; 35136.255626; 35174.802064; 35314.503920; 35298.689941; 35205.825012; 35226.354590; 35314.450582; 35092.415992; 35166.929386; 35331.020103; 35471.656851; 35209.099243; 35211.218039; 35109.903619; 35135.885314; 35295.722594; 35260.271097; 35456.909102; 35333.055275;
46;20;   4847.8000;    440.8370;  153518.0;   4595.4300;    418.2850;   28700.0;  36330.7790; 4118402.0; 36330.778950; 36227.636486; 35995.445265; 36223.358821; 36069.242850; 36163.969562; 36147.699317; 36209.081406; 36041.387299; 36134.201365; 36281.582436; 36192.762237; 36194.634697; 36228.893538; 36008.877032; 35961.544802; 35960.423711; 36156.598830; 36203.402658; 36113.790110;
47;20;   4107.1600;    455.2090;  155416.0;   3375.2700;    340.0210;     156.0;  37126.0090; 4273974.0; 36986.992444; 37036.726196; 37052.271009; 36855.554469; 37083.920380; 36941.986417; 36867.078652; 36813.817996; 36930.467758; 36907.737505; 37001.192655; 36890.687213; 37126.009229; 37119.360617; 36856.299097; 36882.371032; 36998.448060; 36844.968696; 36897.186654; 37001.950373;
48;20;   4547.2800;    401.7680;   96586.0;   3793.1200;    372.4110;     758.0;  37900.1880; 4371318.0; 37725.457558; 37678.897172; 37882.424113; 37559.216675; 37723.480453; 37609.343225; 37720.130294; 37604.603287; 37819.079503; 37551.875576; 37664.953363; 37828.482682; 37766.978140; 37856.096109; 37900.188018; 37831.242642; 37899.386404; 37556.626884; 37596.126938; 37574.072712;
49;20;   3728.9500;    360.4290;     464.0;   4091.7700;    364.7340;      84.0;  38625.3510; 4371866.0; 38503.343440; 38618.730408; 38302.200589; 38378.192949; 38509.127554; 38426.626209; 38540.101757; 38399.483807; 38608.210034; 38381.053681; 38381.407722; 38382.179061; 38469.726947; 38517.729837; 38542.896591; 38625.351000; 38335.472415; 38574.612790; 38395.891874; 38411.770802;
50;20;   4366.8400;    365.8150;    3300.0;   5306.2700;    454.2620;  201586.0;  39445.4280; 4576752.0; 39230.839357; 39213.372271; 39409.410148; 39044.764310; 39242.566808; 39318.752810; 39168.738380; 39295.480983; 39209.979613; 39347.251742; 39203.639779; 39286.863192; 39228.732590; 39327.942479; 39197.860844; 39445.428408; 39230.982304; 39262.431498; 39372.190227; 39092.365398;
51;20;   4804.8400;    398.4750;    3450.0;   4739.3700;    411.1880;     696.0;  40255.0910; 4580898.0; 39875.461082; 40168.744996; 39875.937868; 40054.743679; 40255.090627; 40237.534884; 40067.978192; 40034.623576; 40016.035722; 40253.685570; 40019.050454; 40157.498689; 40172.897867; 39966.434611; 40052.604160; 40162.306209; 40025.514976; 39984.005258; 40139.577068; 40097.703349;
52;20;   4683.9500;    406.2690;    3958.0;   3571.3800;    320.7110;     694.0;  40982.0710; 4585550.0; 40797.595786; 40951.821294; 40846.446667; 40776.969297; 40718.116915; 40779.284121; 40757.779739; 40868.640837; 40929.870929; 40840.000425; 40796.864557; 40834.131177; 40860.609063; 40729.169607; 40982.070609; 40974.402222; 40841.870137; 40805.808129; 40970.868114; 40736.259384;
